47826 57285 62562 67657 71538 74026 76450 78344 79845 81097
47826 57285 63611 68367 71538 74225 76129 78241 79698 81097
47754 56919 63492 67611 71345 74040 76321 78137 79617 81097
47499 56829 63606 67784 71192 74150 76362 78077 79698 81097
47538 57234 62749 66647 69611 72536 75475 78077 79646 81097
47777 57583 63945 68237 71417 73874 76272 78141 79612 81097
47826 56907 62979 67733 70402 73849 75999 77760 79430 81097
47538 56564 63105 66798 70052 73254 76170 77907 79617 81097
47754 56206 62587 66830 71209 74151 76313 78055 79698 81097
47933 56588 61943 66582 70058 73158 75156 77866 79698 81097
47754 56212 61922 66179 70409 72866 75480 77245 79430 81097
47538 57234 62889 67196 71004 73446 75635 77717 79141 81097
48038 56725 63488 68115 71699 74225 76160 77866 79698 81097
47754 57204 63006 67419 70150 73740 75880 77760 79430 81097
47826 56465 62747 67925 70496 73765 75999 78150 79646 81097
47403 57157 62795 67236 70239 73520 75679 77551 79156 81097
47777 57580 64219 68396 71765 73925 76280 78241 79698 81097
47499 53942 61184 66155 69937 72937 75917 78279 79845 81097
48273 57713 63945 68005 71281 74040 76170 78034 79724 81097
47933 56032 62706 66902 70018 72382 75130 77245 79430 81097
47499 57544 61709 66811 70366 73351 75462 77526 79141 81097
47933 56673 62004 66647 70666 73502 76368 78150 79845 81097
47538 56673 62028 66663 69611 73095 75288 77907 79617 81097
47754 56595 62405 66798 70052 73254 76291 78208 79698 81097
48065 56032 62038 67169 70639 73473 75635 78141 79612 81097
47777 56900 63282 66795 70442 73446 75515 78034 79724 81097
47403 56597 62891 67213 70332 73081 75789 78137 79617 81097
47826 57100 62567 67521 71624 74255 76154 77866 79430 81097
48273 57100 63422 67598 70544 73482 75475 77350 79698 81097
47933 57332 63123 67186 70786 74150 76362 78208 79698 81097
47826 56798 63020 67549 70963 73405 75383 77864 79430 81097
47826 56217 62647 66870 70530 73845 76008 77867 79430 81097
47777 57309 63282 67622 71031 74111 76127 77781 79430 81097
48038 56709 61922 66542 69591 72295 74780 77350 79617 81097
47933 57323 63977 67949 70959 73718 75818 77483 79724 81097
47538 56829 63123 67186 70415 73189 75080 77595 79724 81097
48065 56725 62283 67494 70803 73968 76013 77585 79698 81097
47826 56588 62889 66155 70016 73425 75917 78279 79724 81097
48038 56717 63345 67449 70344 73678 76023 78055 79698 81097
47499 57544 63059 66275 69646 72529 74822 77245 79430 81097
47933 56333 62238 66554 70352 72785 75288 77350 79698 81097
47826 56588 62889 66971 70609 73466 75492 77595 79724 81097
47777 56900 63276 67103 70159 73095 75288 77907 79612 81097
47754 56212 61922 66179 70058 73158 76079 77864 79724 81097
48273 56946 62227 67659 70901 74084 76073 78034 79612 81097
47499 57921 64219 68367 71624 73970 76313 78182 79698 81097
47403 57094 63045 66498 69845 73080 75966 77781 79430 81097
47754 56333 62827 67025 70819 73216 75966 77781 79430 81097
47499 57921 63659 67751 70321 73323 76129 78241 79698 81097
48065 56725 61898 66032 70440 72866 74822 77245 79430 81097
47754 56946 62570 66643 69750 73458 75816 77634 79156 81097
47538 56829 62870 67391 70478 73786 75816 78077 79646 81097
47777 57309 61830 66598 70233 73076 75515 78034 79612 81097
47538 56829 63541 67930 70531 73429 75492 77329 79141 81097
47933 56333 62028 67186 70287 72933 75540 77585 79141 81097
48038 56564 63105 66798 70052 73554 75902 77595 79724 81097
47538 56564 62437 66585 70522 72940 75047 77526 79698 81097
48273 57323 62910 66691 69750 73458 75816 77526 79156 81097
47754 57204 61411 66098 69831 73070 76132 78051 79646 81097
47826 56798 62283 67001 70923 73402 75413 77526 79141 81097
47538 57068 62587 66948 69977 72484 75798 78021 79612 81097
47754 56212 62227 67659 71399 73678 76073 78055 79698 81097
47538 57068 62851 67236 70230 72808 74780 77634 79698 81097
47826 56907 62979 67456 70409 73475 75383 77864 79724 81097
47933 57332 62979 66155 69937 73406 75687 77483 79156 81097
47933 57094 62889 66971 70018 72750 74822 77306 79156 81097
47538 56673 62476 66298 70415 73189 75080 76969 79141 81097
47499 56907 63254 67439 71438 73968 75856 77526 79141 81097
47538 56625 62247 67103 71084 74216 76368 78150 79646 81097
48038 56717 63659 67751 71624 73790 76151 77864 79724 81097
47538 56523 62870 67836 71291 73786 75964 77621 79845 81097
47933 56673 62028 66298 70207 73718 75818 78208 79698 81097
47499 57332 61486 66196 69646 73264 75659 77965 79646 81097
48065 56725 62391 66995 70913 73377 76272 77907 79617 81097
48038 57515 63075 67790 71082 73851 76639 78344 79698 81097
47538 56206 61943 66298 70151 73482 76321 78032 79646 81097
47403 57157 63045 66498 69845 73080 75515 77323 79612 81097
47933 56673 62476 66286 69683 73040 75841 77717 79141 81097
48273 57921 63659 66900 70321 73323 75726 77516 79156 81097
47403 56597 62891 67033 69834 73442 75722 77621 79156 81097
47538 56564 62586 66908 70259 73630 75534 77350 79617 81097
48065 57222 62747 66790 69754 72295 75505 77551 79156 81097
47538 57234 63312 66787 70531 73149 75462 77329 79646 81097
48065 56268 63059 67416 70657 73961 76332 78077 79698 81097
47403 56597 62795 67738 70732 73194 76073 78055 79612 81097
48273 57222 62570 67711 70820 73813 76008 78040 79617 81097
47538 56625 61946 67200 70764 73480 76332 78182 79698 81097
48038 57349 62806 67196 70052 73554 75542 77323 79141 81097
47777 57583 63945 68198 71345 73995 76132 77965 79646 81097
48038 57349 63227 67398 70932 74197 76170 77907 79612 81097
47538 56206 62028 66224 69977 73254 76291 78021 79612 81097
47754 56333 62028 66948 69977 73254 75288 78021 79612 81097
48038 56564 62586 66908 69874 73501 75427 77516 79156 81097
47538 56564 62391 66305 70392 73114 75840 77621 79156 81097
47933 57332 62979 67391 70812 73288 76013 77717 79845 81097
47754 56595 62491 66582 70649 72949 75450 77245 79430 81097
48065 57224 63100 67788 70717 73948 76347 78141 79612 81097
47499 57515 61688 66276 70426 73406 75722 78141 79845 81097
47538 56564 62795 66276 70118 72722 74957 76969 79156 81097
47538 56829 63181 67779 70455 73978 76258 78241 79698 81097
47826 57285 63611 67464 70881 73520 75492 78076 79646 81097
47933 57323 62534 67103 70515 73930 75999 77972 79845 81097
47777 56792 62562 66459 70530 73019 75365 77245 79141 81097
48273 56946 62985 67282 71266 73597 76090 78014 79724 81097
47933 56673 62889 67803 70442 73119 76172 77965 79646 81097
47403 56597 63312 67556 71560 74216 76227 78040 79698 81097
47538 56625 62991 66995 70099 72808 75964 78344 79698 81097
48065 57222 62747 67925 71168 74225 76129 77972 79430 81097
48038 56709 62406 66305 69683 73288 76013 77585 79141 81097
47499 56907 62768 67464 70881 73149 75462 78051 79646 81097
47777 56595 62491 66873 70881 73480 75540 77585 79141 81097
47403 57094 62827 67022 70132 72855 75134 77551 79156 81097
48065 57222 62570 67978 71095 73317 75662 77533 79156 81097
47403 57094 61486 66795 71101 73740 75934 78076 79646 81097
47499 57515 63862 67649 70929 73525 75492 78055 79612 81097
47403 53942 61709 66275 69693 72620 74822 76969 79156 81097
48273 57713 63345 67572 71514 73943 76211 78014 79698 81097
48273 56946 62587 67343 70772 73365 75534 78040 79698 81097
48038 56212 62227 67062 70556 73210 75288 77350 79617 81097
47538 57234 63312 67556 70927 74216 76227 78032 79617 81097
47826 56465 62562 67064 70537 73713 76402 78241 79698 81097
47826 56588 62395 67456 70812 74050 75902 77595 79141 81097
48273 57222 62661 66995 71343 74416 76347 78241 79698 81097
47933 56588 62910 67236 70230 72808 75840 77551 79156 81097
47403 53942 61830 66811 71078 73725 75880 77760 79430 81097
48038 57157 63045 67213 70392 72806 75722 77621 79845 81097
48038 57515 63254 66385 69982 72937 75917 77595 79141 81097
47826 56798 61947 66964 69722 72620 74822 77306 79430 81097
47933 56673 63058 66948 70207 73482 76321 78032 79617 81097
47538 56673 62004 65912 69611 72430 74936 77350 79698 81097
47403 57094 62889 66971 69649 72382 75130 77760 79430 81097
47499 57332 63006 66941 70082 72933 75540 78077 79646 81097
47403 57224 62706 67033 71104 73588 75671 77551 79156 81097
47754 56595 62491 67381 70759 73552 75633 78040 79617 81097
47499 57580 63483 68401 71445 73834 76179 78021 79612 81097
47754 56206 62028 67022 69812 72628 74902 76969 79141 81097
48038 57515 63659 67990 70977 73475 76154 77866 79430 81097
47538 56597 63312 67738 71172 73577 75617 78014 79724 81097
47754 56212 61898 66486 70850 73111 75215 77245 79141 81097
47933 56588 62763 67733 71641 74026 75985 78077 79646 81097
47933 56588 62395 67456 70016 73425 75559 77717 79141 81097
48273 56717 62661 66521 69754 73065 75156 77866 79698 81097
47933 56900 63282 66795 70534 73080 75450 77595 79141 81097
47826 57100 62567 66857 70801 73759 76639 78279 79724 81097
48038 56798 62283 66790 71168 73886 75726 77516 79156 81097
47933 56333 61943 65719 69118 72866 75264 76969 79141 81097
47403 56597 62900 67103 70927 73502 75841 77717 79845 81097
47538 56523 62749 66099 69901 73407 75726 77516 79156 81097
47538 57068 62991 67650 71749 74151 76132 78055 79698 81097
47826 56895 62860 67204 70302 73114 75134 77551 79617 81097
48273 57222 62534 66691 69750 73393 75505 77551 79617 81097
47754 56206 61916 66140 70239 73520 76139 78040 79617 81097
48065 57222 62570 67978 71002 73458 75412 77306 79430 81097
48065 56268 62146 66486 69493 72395 75156 77866 79698 81097
48273 56717 62586 67632 70556 73254 75643 77350 79617 81097
47777 57583 63472 68198 71597 74197 76170 77907 79612 81097
47538 57234 62889 67803 70806 73612 76013 77717 79845 81097
47754 56595 62146 67129 71445 73834 75985 77760 79430 81097
47403 57157 61688 67058 70623 73490 75492 77526 79698 81097
47933 56673 62406 67196 70052 72430 75542 77323 79141 81097
47826 57100 62851 67107 70259 73886 75964 78344 79845 81097
48065 57544 62898 67910 70990 73496 75591 77634 79698 81097
47403 56919 62754 66275 70592 73421 75625 77526 79156 81097
48038 57515 63862 67969 71699 73948 76046 77781 79612 81097
47777 57580 63280 67509 70929 73194 75617 77595 79724 81097
47499 57580 63541 67509 71475 74084 76313 78208 79698 81097
47499 57332 62979 67391 69937 72704 75678 77526 79156 81097
48273 57100 63587 67836 71082 73501 75818 78208 79724 81097
47499 56829 63606 68167 71209 73705 75816 77634 79698 81097
48038 56798 62283 67494 70440 73560 75453 77306 79430 81097
47777 57349 63105 66798 70929 73554 75902 77595 79141 81097
47754 57204 63715 67978 70990 73458 75591 77306 79430 81097
48038 57349 63141 68073 70927 73713 76313 78182 79698 81097
48273 57323 63058 67006 70099 73648 75840 77551 79617 81097
47826 56217 61786 67059 70657 72956 75923 78051 79698 81097
48065 56268 62570 66643 70084 73575 75679 77551 79617 81097
47499 57921 63587 66753 70943 73925 76090 78014 79724 81097
47538 56564 62586 67790 70426 73176 76073 78014 79724 81097
47499 57204 63006 67219 70263 73190 75996 77866 79430 81097
47826 56523 63099 67930 70881 73713 75902 77585 79698 81097
47499 57580 63496 67419 71424 73740 75934 77864 79430 81097
47826 57285 62763 67613 71031 74111 76501 78279 79845 81097
47826 56895 62860 67103 70927 73502 76368 78223 79845 81097
47403 56895 62749 66099 69937 72628 75492 77329 79141 81097
47538 56673 63058 66948 70099 72808 75752 78223 79617 81097
47499 56829 63075 67554 70513 72722 75047 77516 79698 81097
48273 57583 64219 67485 71065 73872 75966 77864 79430 81097
47933 56588 62763 67277 71226 74461 76335 78279 79724 81097
47499 57332 63006 67219 70977 73496 75591 77634 79156 81097
47403 56919 62827 66243 69649 73159 75412 77760 79430 81097
47403 57713 63345 67572 70426 73950 76073 78034 79612 81097
47777 57234 63541 67779 71264 74416 76313 78055 79612 81097
48273 56717 63345 67788 70820 73813 76008 77781 79617 81097
47538 56625 63181 67779 70764 73480 76332 78182 79698 81097
47538 56523 62247 66129 69493 72930 75047 77516 79156 81097
47403 57224 62900 67033 70368 73502 75475 78032 79617 81097
48273 57583 63276 68237 71281 74040 76170 78137 79617 81097
47538 56597 63312 67741 71172 73552 76211 78040 79698 81097
48273 57713 63945 68005 71266 73849 76079 78137 79617 81097
47933 56333 63006 66941 70082 72933 75264 76969 79156 81097
47538 56523 62749 67741 71082 74354 76321 78076 79646 81097
47499 56829 62870 67836 71765 73925 76335 78076 79724 81097
47933 57094 63045 67025 70603 72993 75215 77245 79430 81097
47777 57234 62482 66552 69611 72430 74936 77461 79617 81097
47777 57349 63227 68423 71399 74053 76023 77781 79430 81097
48273 57222 62747 67107 70230 73539 76450 78344 79845 81097
48038 56709 61875 67008 70879 73474 75840 78223 79845 81097
48273 57323 62534 66948 70230 73703 75678 78150 79845 81097
48038 56798 62395 66857 69869 72808 74780 77551 79617 81097
47499 57332 62898 67323 71398 73834 75996 77866 79430 81097
47538 56523 62851 67678 71084 73407 75625 77516 79156 81097
48065 57544 61709 66275 69693 72620 75413 77245 79141 81097
48273 57222 64030 67925 71272 73786 75678 77526 79156 81097
47754 56217 62491 66832 70759 73274 75365 77781 79430 81097
47403 56919 62585 67350 70732 73194 75617 77595 79724 81097
47754 56595 62482 66663 69611 72430 74936 77461 79141 81097
47826 57100 62567 66790 70921 74010 76402 78040 79698 81097
47403 56895 63436 67725 70825 73393 75762 77551 79617 81097
47754 56268 62146 66029 69611 73076 76083 77965 79646 81097
48065 56268 61946 65912 69295 72066 74936 77350 79698 81097
47777 56792 63179 67129 71445 73834 76179 78021 79612 81097
48273 57323 63756 67792 70895 73652 75762 78032 79617 81097
47538 57234 63541 66787 71036 73978 76347 78241 79845 81097
47499 57204 62821 67200 70513 72722 75047 76969 79156 81097
47933 57323 63756 68237 71523 73922 76079 78137 79724 81097
47403 56919 63492 66963 70585 73740 76133 78034 79724 81097
47403 57157 61688 66247 69845 73080 75515 77323 79612 81097
47538 56206 61916 66537 70556 73210 76313 78055 79698 81097
47499 53942 61830 67485 71078 73978 76347 78141 79845 81097
47754 56595 63280 68204 71475 74142 76362 78077 79646 81097
47538 56206 62482 66663 70637 73390 75515 78034 79724 81097
47826 56465 62247 66286 70230 73703 75678 78150 79845 81097
47933 56709 62395 66179 69826 73475 75818 77483 79724 81097
47933 56900 62038 67169 70132 73033 75589 77329 79141 81097
47403 57094 62827 67792 70585 73390 75659 77526 79156 81097
47754 56333 62704 66948 71192 73718 75599 77483 79156 81097
48065 57222 63731 67788 70879 73331 75722 77621 79156 81097
47538 56673 62004 66305 69248 72997 75798 78021 79612 81097
47754 56333 61922 66542 69977 73254 76170 77907 79612 81097
47538 56206 61946 65912 69611 72536 75540 77329 79141 81097
47826 56895 63020 67201 69982 72940 75856 77526 79141 81097
47933 56333 63006 66941 70287 72933 75816 77634 79698 81097
47777 57580 63280 67509 70233 73070 75492 78055 79612 81097
47754 56946 62570 66503 69750 72655 75816 77526 79156 81097
47754 56595 62146 67129 70344 73065 75156 77866 79698 81097
47403 56597 62891 67213 70392 73648 75671 77533 79156 81097
48038 56717 62227 67449 70750 73176 76073 78034 79612 81097
47754 56595 62405 66798 70321 72978 75902 77595 79724 81097
48038 57349 63227 67632 71717 74415 76590 78182 79698 81097
48038 57157 63100 67008 70639 72993 75215 77323 79141 81097
47933 56032 62706 67169 70639 73473 75635 77717 79141 81097
48065 57224 61709 66360 70118 73521 75662 77533 79156 81097
47403 57094 62891 67022 70332 73390 75515 78034 79724 81097
47777 56595 62482 67509 70881 73713 75617 78014 79698 81097
47777 57349 63105 66798 70321 72820 74936 77461 79617 81097
47754 56217 62647 65998 70140 73124 75617 78014 79724 81097
48065 56465 62247 66129 70400 73725 75852 77516 79156 81097
48065 56032 61747 66123 70458 73570 75559 77245 79141 81097
47754 56946 62704 66948 70207 73482 76362 78077 79646 81097
47933 57094 62706 67033 70392 73648 75671 77551 79156 81097
47777 57580 63280 67509 70881 73713 75834 77585 79141 81097
47499 57544 63048 67494 70056 72940 75047 76969 79156 81097
48065 56625 62900 67556 70927 73713 76402 78040 79617 81097
47933 56032 62898 67251 70458 73288 75184 77621 79845 81097
47499 56907 63048 67310 70803 73288 75964 77634 79156 81097
47403 57713 63945 68142 71423 73874 76127 77781 79430 81097
47538 57068 62851 67236 71175 73406 75599 77483 79724 81097
48038 56798 63254 66385 70321 73790 75894 77864 79724 81097
47826 57100 62910 66765 70544 73969 75934 77760 79430 81097
47538 56206 62587 67784 70952 73718 75816 78077 79646 81097
47777 56595 63280 67419 71424 73834 76179 78077 79646 81097
48065 57544 62898 67323 70388 73834 75996 78021 79698 81097
48065 56465 62562 67001 70923 74010 76127 77972 79430 81097
48273 57921 63606 67836 70952 73167 76090 78051 79646 81097
48065 56465 62860 67204 70192 73274 76008 77867 79698 81097
47933 56900 63496 67897 71627 74361 76404 78021 79698 81097
47826 57285 63099 67930 71765 74367 76590 78344 79845 81097
47538 57068 63472 67650 70913 73377 75288 77907 79612 81097
47538 56206 61916 66907 70332 73081 75743 77483 79724 81097
47499 57204 62821 67106 70901 73501 75427 78014 79724 81097
47933 57094 61486 66243 70150 73076 75248 77329 79646 81097
47826 56523 62247 66129 70400 73480 75834 77585 79698 81097
47826 57100 63587 66753 70496 73215 75412 77760 79430 81097
48038 57157 63498 67622 71004 73446 75515 78034 79724 81097
47538 56829 61107 66820 71036 73778 76073 78034 79612 81097
47538 56829 63181 67554 71343 74416 76313 78055 79698 81097
47403 53942 61688 66660 70631 73171 75635 77323 79612 81097
48065 56032 61875 66123 70029 73188 75752 77350 79617 81097
48038 56212 62227 66537 70901 73501 75818 77634 79698 81097
47777 57583 63227 67632 70913 73210 76139 77907 79617 81097
47403 57309 63437 68172 71605 74073 76227 78040 79698 81097
47499 57515 61688 66276 69771 73176 75662 78055 79698 81097
47933 56673 63123 67463 70587 72997 75542 78021 79698 81097
47826 56588 62395 66857 71096 73851 75964 78344 79845 81097
47826 56907 63611 67930 70881 73520 76362 78076 79646 81097
48273 57222 63731 67924 70999 73520 76139 78055 79698 81097
48038 57349 63227 68126 71403 73849 76079 77864 79430 81097
47933 56333 61943 66179 69826 73475 75591 77634 79156 81097
47499 56907 63254 67751 71624 74255 76151 77864 79430 81097
47754 56919 62585 67611 70440 73778 76090 78051 79646 81097
48273 56717 62682 67398 70402 74048 75996 78021 79698 81097
48273 57068 63058 68098 71236 73406 75722 78141 79612 81097
47754 56333 61533 66029 69514 72940 75475 77350 79698 81097
48065 57544 63059 66941 70388 72773 75130 77329 79646 81097
47933 56673 62891 67213 70392 73473 76272 78223 79845 81097
47403 56597 62900 66935 70572 73351 75462 77329 79141 81097
48273 57222 63179 68142 71247 73701 76083 77907 79617 81097
47777 57349 62806 66554 70058 73407 75450 77595 79141 81097
47754 56212 62405 67353 71178 73849 76211 78040 79698 81097
47499 56829 62870 67836 70952 74142 76313 78014 79724 81097
48065 56725 62787 67646 70923 73402 75413 77245 79141 81097
47933 56588 62979 67391 71291 74461 76639 78208 79698 81097
48065 57222 62991 66948 69962 73588 75671 77533 79612 81097
47933 56032 62038 66463 69514 72536 75475 78032 79617 81097
47499 53942 61688 67058 70631 73490 75492 77526 79141 81097
48065 56625 62247 67103 70927 73502 75589 77717 79845 81097
48273 57068 62586 67572 70750 73520 76139 77907 79612 81097
47403 57224 62754 66762 70227 72993 75842 77907 79617 81097
47499 57332 63343 67456 70016 72614 75450 77864 79430 81097
48273 57222 64030 68401 71699 74416 76313 78055 79698 81097
48065 57224 62900 67103 71084 73703 75840 77551 79156 81097
47754 57204 62768 67059 70440 73479 76160 78182 79698 81097
48038 57157 62795 66907 69771 72650 75080 77483 79156 81097
47777 56792 63219 67169 70132 73171 76046 78141 79845 81097
48273 56946 63715 67784 70901 74084 76313 78055 79612 81097
47777 57580 63862 67897 70820 73554 75515 77595 79141 81097
48038 56709 63343 67990 71096 73258 76151 77972 79430 81097
47403 57713 62191 66820 70649 73406 75594 77483 79724 81097
47403 57157 61688 66900 70344 73317 75469 77781 79430 81097
48065 56725 61875 66567 70879 73474 75505 77551 79156 81097
48273 56946 63492 67449 70750 73943 76139 78055 79612 81097
47403 57224 62860 67103 70220 72855 75762 77551 79156 81097
47538 57234 63312 66787 70623 73950 76285 78279 79845 81097
48065 56625 62991 67107 70084 72612 74780 77551 79617 81097
48273 57583 63422 67598 71523 74354 76368 78150 79845 81097
47933 56333 61533 66941 69646 72773 75130 77245 79430 81097
47826 56465 62747 67107 71272 73407 75678 77526 79156 81097
47933 56900 62763 66582 70609 73019 75365 77461 79141 81097
47754 56217 61786 66643 69750 72940 75156 77350 79617 81097
48038 57515 63659 67659 70344 73176 75427 77483 79724 81097
48038 56564 62391 66140 69932 72612 75534 78040 79698 81097
48038 56709 62682 67398 70352 73158 75643 78208 79724 81097
47538 57068 62991 67107 70997 73539 75475 77350 79698 81097
47403 57157 63345 68126 71065 73950 76280 78279 79845 81097
47499 57921 63587 68367 70943 73790 75894 77864 79430 81097
48273 57583 64219 68401 71538 73961 76160 78182 79698 81097
47538 56523 61943 66244 69493 72612 75679 77551 79156 81097
47933 56333 63006 67949 70990 73834 76179 78077 79646 81097
47826 56588 61747 66123 70302 73474 75520 77972 79430 81097
47499 57515 63488 67494 70803 73169 75264 77634 79156 81097
47403 57094 63282 67169 70666 73502 76368 78032 79646 81097
47754 56919 62585 67611 70999 73575 76227 78032 79646 81097
48273 57222 62534 66567 71081 73331 75722 78141 79845 81097
48065 57544 61709 66275 70056 73323 76129 77867 79698 81097
48273 57583 63179 67650 71560 73978 76172 78150 79845 81097
48038 56725 61875 66123 69869 73607 75964 77634 79698 81097
47933 57323 62534 66567 70402 73188 76256 77866 79430 81097
48273 57100 62475 67637 70952 73725 75852 78182 79698 81097
48065 57222 62570 67711 70592 73737 76132 78051 79646 81097
47403 57309 63219 67169 70639 73874 76127 77781 79617 81097
47499 57580 63541 67779 70455 73490 75635 77323 79141 81097
47826 57100 63587 66753 70391 73167 75427 78014 79724 81097
47754 56919 62585 66898 70220 72624 74902 76969 79141 81097
47538 57234 63472 67650 70720 74090 76083 78032 79617 81097
47499 53942 61830 66795 71101 73849 76151 78279 79724 81097
47826 56798 62437 66908 70911 73244 75726 77621 79156 81097
47777 57234 63099 67741 71172 73841 75917 78279 79724 81097
47754 56217 62647 66870 69693 73196 75453 77306 79156 81097
48273 56717 62567 66908 70259 72612 74780 77634 79156 81097
48273 57713 63756 68237 71523 73922 75934 78076 79646 81097
47538 57234 63105 67632 71514 73950 76280 78279 79845 81097
47754 57204 63006 67419 71424 74150 76291 78034 79612 81097
47777 56595 62482 66873 70798 73351 75462 77526 79698 81097
47403 56597 63312 66787 70233 73778 76133 78034 79724 81097
48038 56725 63488 68115 71343 73796 75964 77621 79156 81097
48273 57222 62661 67788 70717 73317 75453 77867 79430 81097
48065 56465 62562 67398 71365 74010 76402 78040 79617 81097
47499 57921 63587 67751 70769 73970 75894 77864 79430 81097
47777 56595 62238 67172 70159 72785 75996 77781 79612 81097
47499 57332 62979 67456 71221 73512 75902 78208 79724 81097
47777 56595 62238 67233 70609 73407 75450 77864 79724 81097
47403 57713 63345 67449 70750 73520 75679 77551 79156 81097
48065 56625 62247 67310 70400 73169 75264 77634 79156 81097
48038 57157 63498 67646 70543 73111 76023 78055 79612 81097
47754 56919 61411 66963 70440 73778 76073 78014 79724 81097
47538 56564 62391 67554 71264 73968 75856 78241 79845 81097
48065 56792 63219 67162 70227 73701 75842 77781 79617 81097
48038 57157 63498 67795 71403 74111 76151 77864 79430 81097
47826 57285 62562 67398 71365 74216 76258 78150 79845 81097
47538 57234 62482 67509 71475 74142 76362 78208 79698 81097
47826 57285 63141 67158 70058 73407 75450 77595 79141 81097
47403 56895 61184 66828 70622 73577 75917 77595 79724 81097
47499 56907 63048 67310 69901 72940 75726 77516 79156 81097
47933 56900 63276 67736 70676 74040 76083 78032 79617 81097
48273 57921 63715 67978 71445 73961 75923 78051 79646 81097
47933 56709 62406 66702 70330 73714 75840 78223 79845 81097
48273 57713 63945 68005 71228 73701 75880 77760 79646 81097
47777 57234 63472 68198 71605 74073 76321 78076 79646 81097
47538 56673 62028 65912 69611 72430 75388 77461 79141 81097
47933 56673 62476 67236 70330 73759 75643 77350 79698 81097
47933 56673 62889 67277 71174 73482 76321 78076 79724 81097
47754 56333 61533 66029 69611 73076 76083 77965 79646 81097
47933 56673 62028 66663 69611 73095 75288 77350 79617 81097
47538 56206 62585 66098 70233 73149 76090 78076 79646 81097
47403 56919 62754 66983 70062 72529 74957 77533 79612 81097
47499 57580 63611 67930 71438 74415 76590 78241 79845 81097
47754 56212 61916 66537 69874 73368 76211 78137 79617 81097
47754 57204 63006 67219 69845 72529 74822 77245 79141 81097
47499 53942 62191 67157 70649 73406 75594 78034 79612 81097
47538 57234 63541 68027 71264 73490 75635 77323 79141 81097
47826 56217 61947 66032 69899 72395 75365 77461 79141 81097
47826 56798 63254 66385 70016 72695 74822 77245 79430 81097
48038 56564 62391 66995 70099 72484 75798 77634 79156 81097
47403 56895 63436 67678 70851 74073 76090 78076 79724 81097
47777 57234 63541 67779 71749 74195 76404 78021 79612 81097
47826 56217 61943 66244 69639 73189 75080 77595 79141 81097
47403 57224 61709 66660 69908 73171 76046 78141 79612 81097
47754 56595 62238 66554 70058 72978 75789 78137 79724 81097
47826 56465 62747 67725 70895 73474 75840 77621 79156 81097
48038 57349 62405 66832 70480 73368 75534 78182 79698 81097
47499 57544 64030 67211 70570 73725 76046 78141 79612 81097
47933 56333 62028 67022 70352 73652 75599 77483 79724 81097
47933 56333 63006 67949 70959 73475 75383 77864 79430 81097
48065 56725 63100 67236 71095 74213 76347 78055 79698 81097
48038 56564 61916 66537 70556 73368 75534 78040 79698 81097
47499 57204 63006 67659 70901 73176 75594 78034 79612 81097
47777 56792 62038 67323 70132 73725 75999 77972 79845 81097
48038 57515 61688 66385 70321 73244 75427 77516 79698 81097
48065 56725 61875 66569 70402 74048 76046 77972 79430 81097
48038 56564 63105 68027 70623 73950 76285 78034 79724 81097
47538 56673 62004 66286 70230 73539 76450 78077 79698 81097
47754 56212 61922 66179 70058 73512 75902 77585 79698 81097
47826 56523 63099 67467 71438 73713 75617 78014 79698 81097
47933 57094 63282 67233 70150 73080 75450 77864 79430 81097
47403 57309 63282 67605 70666 73119 75248 77329 79141 81097
48038 56725 62391 66140 70239 72930 75679 77516 79156 81097
48065 57222 62747 67725 70825 73575 75762 77526 79646 81097
47538 56564 61916 67106 70453 73713 76313 78014 79724 81097
47826 56798 63020 67201 70911 74233 76402 78040 79617 81097
47754 56268 62754 67711 70840 73264 75659 77965 79612 81097
48065 56725 61898 67316 70850 74053 76023 77867 79698 81097
48065 57222 63179 67393 70913 73210 75288 78021 79698 81097
47826 57100 63436 67549 70921 73474 75520 77621 79156 81097
47754 56333 61533 65912 69248 72484 75798 78021 79612 81097
48038 56798 62283 67494 71179 73968 76013 77717 79845 81097
47754 56946 63715 66963 70440 73778 76132 77965 79646 81097
48038 56564 63105 66798 70732 73552 76211 78040 79617 81097
47754 56919 62732 66983 70820 73520 75679 77551 79156 81097
48038 56212 61916 66537 70750 73176 75594 78034 79612 81097
47777 56595 63280 67416 70764 74151 76313 78021 79698 81097
48273 56717 62661 66521 69932 72484 75288 77350 79698 81097
48273 57921 63606 68396 71036 73978 76172 77965 79646 81097
48273 57100 62475 67637 71002 73560 75453 77867 79698 81097
47826 56588 62395 66857 70330 72808 75840 78223 79617 81097
48273 57222 64030 67910 70991 73458 75985 78077 79646 81097
47403 57157 63345 67572 71043 73406 75594 77483 79156 81097
47499 56907 63611 68073 70927 73124 75617 78014 79724 81097
47826 57285 63422 67521 70801 74111 76501 78279 79724 81097
47538 56523 62476 66702 69683 73040 75841 78223 79845 81097
47754 56212 61922 65752 69248 72484 75671 77551 79617 81097
47499 57544 63048 67494 71168 73560 75453 77867 79698 81097
47754 56206 61946 66552 70601 74151 76179 78021 79612 81097
47403 57309 61830 66598 70233 73194 75492 77526 79141 81097
47933 56673 62406 67213 71004 73446 75917 78279 79724 81097
47826 56523 62247 67310 69901 72624 75462 77526 79698 81097
47826 56217 61947 66964 70325 72614 75383 77483 79724 81097
47499 57921 63587 67945 70991 73786 76450 78077 79646 81097
47403 57094 62889 66971 70325 73405 75743 77483 79156 81097
47538 56523 62247 66585 70259 73668 75726 77621 79156 81097
47777 57580 63611 67930 70881 73713 76313 78182 79698 81097
48038 56725 62391 67139 70537 73968 75856 77717 79845 81097
47538 56523 62437 66908 70330 72808 75964 77634 79156 81097
48038 57157 63100 66983 70062 72830 75671 77551 79617 81097
47538 56597 62900 67033 70666 73502 76368 78150 79646 81097
47777 56595 62491 66459 70447 72940 75931 77781 79617 81097
47777 57234 63099 66873 70881 73520 75540 77329 79141 81097
48038 57157 62795 67572 71043 73534 76170 78034 79612 81097
48273 56717 62682 67751 70587 73406 75687 78279 79724 81097
47826 57285 62562 67495 71365 73930 75999 77760 79646 81097
48038 56709 62395 66702 70693 73040 75841 77461 79141 81097
47777 56792 62146 66459 70530 73351 75633 78040 79698 81097
47499 56829 62870 67310 71272 73786 76450 78077 79698 81097
47754 56217 62491 66873 70321 73368 76211 78040 79698 81097
47933 57323 63058 67736 70720 73539 75475 77350 79698 81097
48065 57222 63731 67924 70725 73978 76172 78150 79845 81097
47777 56792 62146 67129 70344 72785 75288 77350 79617 81097
48038 57515 63006 67649 70304 73678 75894 77867 79430 81097
47754 56595 62482 67343 70772 73368 76313 78182 79698 81097
48038 57349 62806 67622 70639 73874 76046 78141 79612 81097
48065 56725 62283 67494 70440 72620 75453 77867 79430 81097
47403 56597 63312 67350 70637 73076 75388 77907 79612 81097
47826 57100 63422 67598 70544 73969 75985 78077 79698 81097
47403 53942 61830 67058 70534 73171 75215 77781 79430 81097
47538 56673 62406 66702 70693 73841 76501 78137 79617 81097
47826 56217 62475 66429 69754 73560 75852 78182 79698 81097
47403 57224 62706 66902 70368 72704 75184 77621 79845 81097
47777 56900 62806 67398 70801 73759 76501 78223 79617 81097
47933 56709 63045 67025 69845 73080 75966 77781 79612 81097
48273 57100 63422 67282 70772 73365 76227 78040 79617 81097
48065 56032 62534 67103 70720 73377 76404 78344 79845 81097
47777 57309 63312 66787 70442 73446 76285 78034 79724 81097
48273 57068 63372 67678 70851 73652 75762 78032 79617 81097
48038 56798 62395 66857 70963 74111 76501 78279 79724 81097
47754 56206 62028 66663 70786 73076 76133 77965 79612 81097
47777 57349 62806 67897 70847 73190 75480 77585 79698 81097
47403 56919 62827 67233 71281 73740 75880 77760 79646 81097
47777 56792 63219 67495 71365 74010 76127 78223 79617 81097
47499 57515 63075 66276 70013 73406 75687 78279 79724 81097
48273 57068 62851 66756 70207 73718 75816 77526 79646 81097
47538 57068 62586 67572 70750 73520 75679 77551 79156 81097
47933 56588 62395 66702 70330 73759 76639 78208 79698 81097
47754 56217 61947 66832 70480 73849 76211 78014 79724 81097
48273 56717 62227 66429 69874 72698 74780 77551 79156 81097
47777 57234 63099 67277 71226 73520 75902 78208 79698 81097
47777 56595 62985 68204 71475 74150 76133 78076 79646 81097
47754 56919 63037 67381 70140 73149 75492 77329 79141 81097
47933 57323 62910 67598 71523 73930 75931 77760 79430 81097
47499 57515 63254 66385 70622 73402 75413 77526 79141 81097
47777 56792 62562 66459 69899 73065 75156 77781 79430 81097
47777 57234 63472 68396 71741 73969 76133 78076 79646 81097
48038 56717 63345 67572 71514 74233 76402 78040 79698 81097
47403 57094 63045 67622 70534 73446 75515 77323 79612 81097
47754 56206 61946 66552 70006 73480 75834 77585 79698 81097
47538 56673 63058 67903 71051 73534 75743 78137 79617 81097
48065 56465 62562 67001 70537 73040 75841 77461 79141 81097
47826 56798 63141 67795 71403 74233 76211 78040 79617 81097
47826 56798 62437 67439 71082 73244 76280 78241 79698 81097
47777 57349 62787 66486 69899 73274 75413 77526 79698 81097
47777 57583 64219 68396 71717 73950 76280 78014 79698 81097
47499 56907 63611 67657 71179 73402 75559 77245 79430 81097
47777 57580 63862 68073 71624 73970 76160 77867 79698 81097
48065 56625 62004 65912 69962 73588 75671 77907 79617 81097
47826 56907 63611 68367 71538 73961 75923 77760 79646 81097
47403 57309 63312 68198 71514 73943 76170 77907 79617 81097
47538 56206 61943 66129 69493 72820 75834 78182 79698 81097
47538 56829 63606 68396 71475 74084 76313 78055 79612 81097
47754 57204 63006 67219 70409 72614 75450 77864 79430 81097
47403 57157 62732 67025 70062 72830 75134 76969 79156 81097
47933 56588 61943 67006 70415 72933 74902 77526 79156 81097
47933 56032 61533 65752 69118 72395 75365 77245 79141 81097
47933 56709 61922 67219 69845 72711 75515 77595 79141 81097
47403 57713 62191 66963 70344 73176 75594 78034 79612 81097
48065 57224 62754 67162 70227 73019 75475 77329 79646 81097
47777 56595 62146 67162 70227 73019 75931 78032 79617 81097
47777 57234 63099 67277 71082 73841 75917 77717 79845 81097
47538 56625 61946 66935 70572 73293 76139 77907 79617 81097
48065 56032 61875 66123 69683 73114 75134 77461 79617 81097
47777 56900 62889 67736 70720 73539 76450 78077 79646 81097
48273 57100 63587 67637 71002 73961 76160 77867 79430 81097
47777 56900 62238 67172 71424 74150 76179 77965 79646 81097
47403 53942 61411 66098 70440 73390 75594 77533 79156 81097
47403 56597 62891 67022 69812 72711 75080 77595 79141 81097
47826 56907 61184 66099 69901 73351 75589 77329 79646 81097
47403 56597 63372 68198 71345 74073 76211 78040 79617 81097
47754 56206 62482 67509 70786 73076 75515 77595 79141 81097
47826 56465 61747 66902 70593 73033 75589 77329 79646 81097
47499 57515 63488 67251 70587 73288 75264 77634 79698 81097
48273 57100 62567 66908 71051 73630 75752 77350 79617 81097
47499 57515 63862 68073 71179 73402 75856 77526 79141 81097
47777 57583 63276 67172 70676 74150 76133 78076 79724 81097
47538 56206 61946 66830 70999 73995 76132 78051 79646 81097
47826 56895 63437 66828 70402 73849 75934 77760 79430 81097
47538 56625 62247 67310 70478 72933 75816 77526 79646 81097
47538 56829 62870 67836 71291 73786 75816 77634 79156 81097
48273 57068 62991 67924 71560 74213 76139 78055 79612 81097
48038 56709 63343 67456 70016 72937 75687 77483 79156 81097
47754 56206 62028 67186 70287 73705 75798 77634 79698 81097
48273 57323 62534 67910 71224 74195 76172 77965 79612 81097
48065 56792 63219 67495 70927 73351 75462 78051 79698 81097
47499 56907 62768 67464 71351 73969 75985 78077 79646 81097
47826 56895 61184 66753 70249 73196 75453 77306 79430 81097
47499 57580 63496 67323 70806 74195 76404 78141 79612 81097
47499 57921 63977 67157 70587 73406 76285 78141 79612 81097
47777 57580 64219 68367 70943 73925 76280 78014 79724 81097
47933 57323 62704 67792 70585 73390 75599 77483 79724 81097
47933 57094 62889 67260 70616 73081 75134 76969 79156 81097
47826 56588 62763 66582 70544 73482 76362 78076 79724 81097
48273 56717 62567 66908 71082 73886 76590 78241 79845 81097
47933 57332 62979 67391 70812 73851 75818 77634 79698 81097
48038 56212 63006 67316 70263 72997 75542 77323 79612 81097
48273 57222 64030 68401 71078 73765 75923 77867 79698 81097
47826 56895 63437 67741 71082 73502 75475 78032 79646 81097
48065 56268 61533 66762 70018 72750 75134 76969 79141 81097
47933 56333 62827 66762 70227 72993 75388 77461 79617 81097
47403 56919 63492 67792 71051 74040 76321 78032 79617 81097
47826 57100 62747 67398 71538 73765 75999 77972 79845 81097
47499 56907 62979 67391 70478 72933 74902 76969 79141 81097
48038 56564 63075 67790 71236 74361 76639 78344 79698 81097
47933 57332 62979 66983 70082 72382 75412 77306 79156 81097
47777 57285 62763 66463 70029 73420 75559 77972 79430 81097
47403 57309 63945 68005 71178 73822 75966 77864 79724 81097
47777 57309 63437 67381 70530 73019 75475 77329 79141 81097
47403 56597 62795 66907 70291 72930 75633 77461 79141 81097
47538 56673 62889 67736 71741 74361 76404 78141 79612 81097
48038 56564 61916 66907 70291 72650 75047 76969 79141 81097
48065 56792 63219 67646 71423 73874 75842 77781 79612 81097
47777 57309 61830 66598 70141 72773 75880 77760 79646 81097
47777 57309 63945 68172 70943 73765 76129 77867 79698 81097
47933 56032 61875 67008 69908 72806 75635 77323 79141 81097
47826 57285 63099 67837 71765 74461 76362 78208 79698 81097
47933 57094 63282 66795 70150 73076 76133 77965 79646 81097
47777 56900 62889 67196 70147 73658 76404 78344 79698 81097
47826 56907 61184 66828 70402 73849 76335 78279 79845 81097
47754 56212 61898 66486 70850 73479 75480 77245 79430 81097
47538 56829 63123 67803 71741 74361 76404 78141 79845 81097
47777 56595 63037 67381 70140 73124 75450 77245 79430 81097
48273 56946 63715 67659 71399 73678 75894 78014 79724 81097
48065 56268 62146 66552 70006 73351 75462 77526 79698 81097
47538 56597 63312 67738 71004 74197 76285 78141 79612 81097
47538 57068 62851 67836 71272 73886 75726 78241 79698 81097
48065 56725 62661 66567 69591 72484 75671 77533 79612 81097
47777 56792 63179 67393 70913 74213 76272 78223 79845 81097
47777 57583 63422 67282 70544 73158 75643 78208 79724 81097
47499 57515 63488 67316 70440 72866 74822 76969 79156 81097
47777 57349 62806 67196 71246 73554 76291 78021 79612 81097
47933 57094 62889 67290 70302 72750 75134 76969 79156 81097
47933 57323 62682 67990 71236 73796 76404 78021 79698 81097
47403 56597 63372 67924 70725 73442 75722 78141 79612 81097
48273 57222 63731 67211 71078 73737 76023 77781 79430 81097
48038 56725 62283 66123 70302 73114 75841 78223 79617 81097
48038 56725 63488 68115 71095 73560 75453 77516 79698 81097
48065 57544 61709 66275 69693 72956 75413 77526 79141 81097
47826 56907 63048 66275 70366 73402 75856 77526 79141 81097
48038 56212 62732 66247 69920 73111 75215 77245 79430 81097
48065 57222 62747 66691 69750 73393 75762 78032 79646 81097
47538 57068 62587 67611 70440 73778 76133 77965 79646 81097
48038 56709 63045 67290 70963 73714 75840 77551 79617 81097
47538 57068 62991 66948 70230 73703 75762 78032 79617 81097
48038 56798 62395 67158 70801 73759 76639 78344 79845 81097
47933 57094 62891 67033 70132 73588 76083 78032 79617 81097
48065 56465 62747 67398 70997 74367 76332 78182 79698 81097
47403 56895 62749 66099 69982 72937 75687 77483 79156 81097
47826 56895 63437 66828 70622 73402 76129 78241 79698 81097
47403 57157 63020 66964 70325 73407 75450 77864 79430 81097
48065 56725 62391 67236 70994 73293 76139 78055 79698 81097
47777 57285 63611 67733 70674 74026 76450 78344 79845 81097
47538 57068 63472 68396 71717 73950 76073 78055 79698 81097
47826 56217 62475 66765 70895 73393 75931 77781 79430 81097
48273 56946 62570 66643 70084 73725 75816 77526 79646 81097
47499 57332 63496 67419 70388 73204 75542 77323 79141 81097
47777 57349 63141 68073 71438 73577 75917 77717 79845 81097
48273 57713 63492 67792 70840 73701 75931 77760 79430 81097
48273 57921 64219 68401 71538 74367 76332 78051 79646 81097
48065 56465 62283 66123 69683 73114 75134 77461 79617 81097
48038 57515 63659 67990 70977 73988 76291 78208 79698 81097
47403 56597 61107 66360 70455 73070 75462 77329 79646 81097
48065 56792 62038 66647 70666 73119 76172 78141 79612 81097
48273 57068 62851 67837 70772 73368 75643 78137 79724 81097
47754 57204 63059 67978 71445 73834 75996 78021 79612 81097
47499 57921 63977 67990 70587 73258 75383 77864 79724 81097
48065 56725 62787 66486 69947 73525 75492 77526 79698 81097
47826 56217 62491 67464 70927 73124 75894 77864 79430 81097
48038 56717 62227 66537 69932 72612 74780 77634 79698 81097
48065 56268 61898 65752 70062 72529 74957 77533 79612 81097
47777 56792 62787 67393 70344 73813 76139 78055 79612 81097
48273 57583 64219 67485 70943 73925 76090 78051 79698 81097
47403 53942 61107 66276 70623 73490 75492 77526 79698 81097
48273 56717 62227 66521 69932 72484 75671 77551 79617 81097
47499 53942 61709 66275 69920 72722 75047 77516 79156 81097
47777 57580 63280 67509 70929 73554 75542 78021 79612 81097
47826 57285 63141 66832 70759 73552 76211 78137 79617 81097
47754 56217 61943 66971 70609 72949 75934 77760 79430 81097
47499 57332 63343 67456 70016 73425 75450 77864 79724 81097
47826 56523 63099 67277 71226 73612 76450 78344 79698 81097
48273 57100 62475 66643 69750 72940 75931 77781 79430 81097
48038 56798 63020 67204 70192 72930 75047 77516 79156 81097
48038 56725 63100 66660 70056 72940 75856 78241 79845 81097
48273 57068 63058 67006 70330 72698 74780 77350 79698 81097
48065 56032 62706 67732 70895 73703 75762 77526 79156 81097
47933 56333 61922 67025 70603 72993 75388 77323 79141 81097
48273 56946 62704 66503 70990 73496 75798 78021 79698 81097
48065 56465 61747 66983 70674 74026 75999 77760 79646 81097
47777 56595 63280 67649 70929 73713 76313 78208 79724 81097
48065 57222 63179 67398 70997 74216 76402 78241 79698 81097
48273 57713 63436 67549 71403 74111 76079 77864 79430 81097
47403 57309 63498 67646 70923 73713 75856 77526 79141 81097
48038 57349 62787 67646 70639 73874 76272 78223 79845 81097
48038 56212 61922 66542 69977 73254 75288 78021 79612 81097
47403 56597 63312 68198 71605 74216 76402 78241 79698 81097
47754 57204 62821 67200 70513 73169 75047 77526 79698 81097
47777 56595 62146 67129 70601 73210 75534 78182 79698 81097
48038 56798 61947 66429 70480 73158 75643 78208 79724 81097
47403 57713 63372 67678 71175 73652 75599 77483 79724 81097
47499 57544 61709 66275 70592 73737 76132 77965 79612 81097
47499 57332 61486 66498 70587 73872 76151 78279 79845 81097
47777 56595 62985 67343 71475 74084 76313 78055 79698 81097
47403 57157 63498 68126 71178 73822 75966 78034 79612 81097
47933 56333 61943 66298 69295 72655 74780 77634 79698 81097
47933 56673 63058 66948 71192 73666 75594 77483 79724 81097
48065 56032 62706 67008 69908 72695 75559 77245 79141 81097
48065 56465 62747 66643 69750 73458 75816 78077 79698 81097
47754 56919 62647 65998 69662 72650 75080 77595 79141 81097
47777 57285 62562 67001 70669 74010 76127 78223 79617 81097
47754 57204 62768 67464 70657 72956 75923 77760 79430 81097
47826 56907 62870 67310 71272 73786 76450 78344 79698 81097
48038 56725 62391 66585 69683 72808 75964 78344 79845 81097
47754 57204 61411 66275 69646 72382 74902 77526 79646 81097
47777 57349 63498 67353 71178 73943 76073 78014 79698 81097
47777 57309 63498 67353 71178 73678 76073 78014 79698 81097
47754 57204 63006 66243 70585 73264 75659 77533 79612 81097
47403 56919 62754 66275 69920 72620 74822 77306 79156 81097
47499 57544 63059 67200 69831 72559 74957 76969 79156 81097
47754 56206 61943 66756 70772 74142 76332 78182 79698 81097
47826 56523 62247 67107 70997 73630 75752 77350 79617 81097
47403 57309 63037 67350 70572 73076 76083 77907 79612 81097
47499 56907 62768 67637 70952 73167 76090 78076 79646 81097
47499 53942 61184 66099 69901 73407 75625 78051 79698 81097
47777 56792 63179 67398 70669 73188 76256 77972 79430 81097
47403 57157 61688 66247 69771 73176 76073 78055 79612 81097
48038 56212 62405 66832 70927 73479 75480 77245 79141 81097
48038 56798 62395 67290 70616 73841 75789 78137 79617 81097
47403 57157 61688 67058 70623 73194 75492 77323 79612 81097
47538 56673 62889 67736 70720 73539 76368 78032 79617 81097
47826 56895 63436 67549 71403 73849 76079 77864 79724 81097
47538 56206 62585 67611 71345 73995 76139 78040 79617 81097
47933 57094 62891 67033 69834 73442 76172 78150 79845 81097
47777 56595 62482 66798 70732 73552 76211 78014 79724 81097
47538 57234 62749 67064 71109 73968 75856 78241 79698 81097
47403 57094 63282 67613 71031 73420 75841 78223 79617 81097
47826 57100 62747 67107 70997 73630 76402 78040 79698 81097
47826 56588 62889 67834 70895 73159 75599 77483 79724 81097
47933 57323 63276 67598 70801 74111 76079 78137 79724 81097
47403 56895 62749 67741 70798 73351 75462 78051 79698 81097
47499 57580 63483 67969 70631 73948 76347 78055 79612 81097
47754 56217 61786 67059 70082 72866 75480 77585 79698 81097
48038 56564 62437 66244 70453 73713 75834 77526 79141 81097
47403 57224 61709 66275 70592 73196 75453 77306 79430 81097
47826 56465 62562 67398 71538 73961 75985 77866 79698 81097
47933 56333 62704 67172 70544 73158 76154 78208 79698 81097
47538 56625 62247 67310 71272 74367 76258 78241 79845 81097
47933 56900 63496 66795 70534 73872 76046 77972 79845 81097
48273 56946 62587 66948 71192 74150 76179 78077 79646 81097
47538 56523 62749 66898 70220 72624 75462 78051 79646 81097
48065 56625 62991 66948 70099 73648 75671 77533 79156 81097
48038 56717 62661 66790 70259 73668 76402 78223 79845 81097
47754 57204 63715 67637 70952 73718 75599 78076 79724 81097
47499 56829 63123 67391 70812 73189 75902 77595 79141 81097
48065 56792 63179 67650 71560 73995 76083 77907 79617 81097
47777 57580 61830 66811 70631 73948 76023 77867 79430 81097
47777 57580 63280 67649 70929 73525 76313 78182 79698 81097
47754 57204 63059 67200 70400 72624 75625 77516 79698 81097
48038 56798 62437 66702 70330 73714 75687 77621 79845 81097
48273 57100 62747 67725 71365 73930 75999 77972 79430 81097
47933 56709 61875 67251 71081 73496 75591 77634 79698 81097
47933 57094 63756 67157 70585 73264 75880 77965 79612 81097
47933 56588 62476 67277 70182 73040 75752 78223 79617 81097
48273 57222 62747 67725 70895 73393 75762 77526 79156 81097
48038 56717 62586 67790 71236 73851 75964 77621 79845 81097
48038 57157 62732 66983 70239 72930 75134 76969 79156 81097
48065 56032 62898 67910 71398 74048 75996 77781 79430 81097
47826 56588 62889 67834 70963 74111 76151 77972 79845 81097
47826 56907 62979 67733 70674 74026 75985 78077 79646 81097
48273 56946 62570 66503 69591 73496 75996 77866 79698 81097
47403 57094 63756 67903 71175 74354 76335 78150 79845 81097
47754 56333 62704 67172 71424 73834 75985 77866 79698 81097
47538 57234 63312 67741 70531 73351 75462 78051 79698 81097
47499 53942 61411 66098 69662 72624 75462 78051 79646 81097
47754 56595 62405 66554 69493 72395 75156 77866 79698 81097
48273 57222 62570 66830 69962 73588 75671 77533 79612 81097
48065 57222 62991 67107 71084 73575 75625 78051 79646 81097
47403 57224 62860 66870 70530 73845 75923 78051 79646 81097
47777 57309 63498 67646 70631 73490 75492 78055 79698 81097
48065 57222 62570 67978 71095 73560 75453 77516 79698 81097
48273 57222 62991 68167 70725 73407 75625 77516 79156 81097
48038 56798 62395 66702 69639 73081 75080 76969 79141 81097
47499 57544 63181 68167 71343 73735 75852 77516 79698 81097
48065 57222 63179 67650 70913 74416 76347 78055 79612 81097
47538 57234 63541 67803 70442 73429 75589 77717 79845 81097
48038 56564 62437 67467 71172 74233 76280 78241 79845 81097
48273 57713 63372 66820 71036 73969 76285 78141 79612 81097
48038 56717 62567 66908 69874 73501 76313 78014 79724 81097
47754 56333 62827 67022 70637 73076 76083 77907 79617 81097
47933 56588 61747 66463 70182 73040 76013 78344 79698 81097
47538 56523 62851 66908 69874 72698 74780 77350 79617 81097
47538 56673 62891 67903 71597 74197 76285 78141 79612 81097
48065 56268 62146 67162 70530 73845 76227 78032 79617 81097
47754 56268 61898 66140 69493 73169 75852 78182 79698 81097
47754 56212 61898 66486 70543 73813 75842 77781 79617 81097
47933 56588 62476 66286 70230 73703 75762 77551 79617 81097
47403 56895 62749 67260 70352 72855 74902 77329 79141 81097
47933 57323 62704 66542 70352 72785 75996 77781 79612 81097
47538 56673 62028 66298 70151 72978 75643 78137 79617 81097
47499 57204 61411 66963 70344 73678 75894 77867 79698 81097
48038 56212 62732 66964 70291 72650 75617 77595 79141 81097
48065 56792 62787 66486 69493 72430 75388 77461 79141 81097
47754 56206 61946 66552 70764 73204 76179 78021 79612 81097
47499 56829 63541 67930 70531 73351 75856 77526 79698 81097
47754 56212 62732 66983 70062 73335 75469 77781 79430 81097
48273 57068 63372 67572 70426 73950 76347 78241 79698 81097
48065 56268 61786 66129 70006 73365 76227 78032 79617 81097
47538 56829 63075 68027 71717 74415 76590 78344 79845 81097
47538 56564 62437 66585 69683 72066 75134 77551 79156 81097
47754 56206 62821 67509 70764 73525 75542 77585 79698 81097
47754 56217 61943 66298 69639 72978 74936 77461 79141 81097
47499 57204 62768 67637 70952 73725 76332 78051 79646 81097
47403 57309 63437 67795 71403 73849 76008 77867 79430 81097
47538 56673 62028 67186 70493 73666 76291 78021 79612 81097
48038 57349 63227 67062 70352 73158 75643 77350 79698 81097
48273 56946 63492 68005 71281 74040 76133 77965 79612 81097
48038 57349 62806 66569 70847 74048 75996 77781 79612 81097
48038 57349 63227 67062 70344 73210 76313 78021 79612 81097
47933 57323 63058 68098 71236 73666 76291 78021 79698 81097
47499 53942 62191 66963 70926 73740 75966 78034 79724 81097
47754 56919 63492 66963 70926 73678 75894 77864 79724 81097
47538 56673 62889 66647 70720 74090 76272 78223 79617 81097
48065 56032 62534 67103 70402 73377 76404 78141 79845 81097
47826 56465 63048 67059 69693 72956 75413 77867 79430 81097
47754 56217 62647 67381 70798 73466 75475 77461 79141 81097
48065 56792 63219 67495 70530 73274 76008 78040 79617 81097
47754 56333 62028 65912 69962 72484 74780 77634 79156 81097
47777 57285 63099 67467 71051 73759 75752 77350 79617 81097
48273 56946 62570 67978 70592 73317 75453 77306 79156 81097
47403 57094 62827 67792 71281 73740 75934 77864 79724 81097
47933 56900 62806 67398 71627 74255 76154 78208 79698 81097
47933 56709 61922 66542 69591 72785 75156 77781 79430 81097
47777 56595 63037 68005 71228 73845 75931 77781 79617 81097
47826 56523 61943 66898 70851 73575 76227 78032 79646 81097
47933 56588 61943 66298 70352 73466 76321 78076 79646 81097
48038 56717 62227 66521 70820 73335 75469 77533 79612 81097
47777 57349 63105 67632 71717 74084 76073 78055 79698 81097
48038 56717 63659 68115 71095 73560 75852 77516 79698 81097
47826 56588 61747 66463 69514 72536 75475 77329 79141 81097
47933 56333 62827 66243 70585 73264 75659 77965 79646 81097
47754 57204 62821 67013 70415 72628 75599 78076 79646 81097
48065 56792 62038 67323 71398 73834 76179 78077 79646 81097
47499 56829 62870 67013 70400 73725 75816 77634 79156 81097
48065 56725 61898 66983 70192 72750 75505 77551 79617 81097
47754 56268 61533 66503 69591 72484 75288 77907 79612 81097
47933 56673 62004 66305 69683 73114 75841 77461 79617 81097
48273 57713 62191 67485 71101 73725 76046 78141 79612 81097
47403 57309 63312 67741 71605 74073 76227 78032 79617 81097
47403 56895 63437 67613 71082 73466 75789 77595 79724 81097
48038 56798 62437 67201 69982 73244 76280 78279 79724 81097
47499 57921 62191 67485 71065 73950 76073 78055 79612 81097
47403 57309 63282 66795 70402 73033 75589 78150 79646 81097
48065 57544 63059 67316 70513 72997 75542 77323 79612 81097
47538 56625 62900 67924 71104 73442 75659 77965 79646 81097
47499 57544 63059 67416 70764 73070 75248 77329 79646 81097
47403 56597 62585 67350 70572 73076 76083 77965 79646 81097
47403 57713 63345 67751 71043 73648 75722 78141 79612 81097
47754 57204 63006 67122 70453 73169 75834 77526 79141 81097
47538 56564 62406 67006 71236 73796 75722 77621 79156 81097
48038 57515 61688 66498 70016 72614 74822 77245 79430 81097
48273 57713 63945 67485 71065 73948 76023 77781 79612 81097
47538 56625 62004 66948 71104 73648 75671 77907 79612 81097
47538 56625 63181 67186 70806 73612 75540 77329 79141 81097
47826 56217 61786 66459 70657 73961 75923 77760 79646 81097
47403 53942 61709 66811 70455 73978 76172 78150 79845 81097
47538 56597 63372 67611 70999 73520 75679 77551 79617 81097
47499 53942 61688 66247 70304 73678 76073 78014 79724 81097
48065 56725 62283 67001 69899 72820 75834 77526 79141 81097
48065 57222 62991 66830 70084 73725 75625 77526 79156 81097
48273 57713 63492 67514 70648 73367 75679 77516 79698 81097
47826 56465 62747 67398 71365 73930 75931 77760 79646 81097
47777 57583 63179 68401 71538 73765 75923 77867 79430 81097
48065 56032 61875 66569 70147 73473 75388 77461 79617 81097
47826 56217 62647 67381 70759 73407 75365 77461 79141 81097
47777 57309 63437 67495 70923 73274 75365 77781 79430 81097
48273 57222 63731 67211 71078 73948 76129 77867 79430 81097
47538 56673 62004 66286 69295 72655 75816 77526 79646 81097
47933 56333 62238 66029 70388 72773 75880 77760 79646 81097
47538 57068 63058 66948 70720 74195 76179 77965 79612 81097
48065 57224 63731 67725 70496 73765 76129 77867 79430 81097
48065 56792 63179 68142 71228 73845 75923 77867 79698 81097
47538 57234 62749 67650 71560 73978 76172 78150 79646 81097
47777 57234 63312 67350 71345 73943 76139 78055 79612 81097
47403 56597 62891 67022 71051 73534 75594 77533 79156 81097
48273 57100 63436 67725 70496 73323 75520 77972 79845 81097
47499 56829 62821 67200 71209 73735 75852 78182 79698 81097
47499 56907 61184 66385 70321 73244 75427 77483 79156 81097
47538 56673 62889 67803 71741 73969 76172 78150 79845 81097
47754 56333 61533 66029 69514 72940 75475 78032 79617 81097
47933 56709 62395 66857 70330 73759 75643 78208 79724 81097
48273 56717 62567 66790 69754 73367 75453 77306 79430 81097
47826 56465 61747 66902 70368 73703 75678 78150 79845 81097
47538 57068 63058 67903 71051 73588 76083 77907 79612 81097
48038 56798 61947 66244 69874 72612 75679 77551 79156 81097
48065 57224 62900 67556 71560 73995 76132 78055 79698 81097
47499 57204 62821 67509 71475 74084 76313 78182 79698 81097
47754 56268 61946 66830 69962 72655 74780 77350 79617 81097
47754 56595 63037 66598 70141 73111 75413 77245 79430 81097
47933 56900 62038 67323 70847 74048 76046 77972 79430 81097
48038 56564 62406 67006 70932 74361 76291 78021 79698 81097
48038 56717 62682 66542 70977 73216 75469 77533 79612 81097
47933 56333 63006 67949 71192 74150 76133 77965 79612 81097
47403 57309 63498 67795 71403 74010 76402 78040 79617 81097
48038 56564 62795 67213 70013 73446 75635 77323 79612 81097
47826 56217 62768 67637 71002 73196 75412 77526 79156 81097
48038 56564 61916 66244 69639 72978 75902 78208 79698 81097
47754 56212 63006 67219 69845 72711 75515 77323 79612 81097
48273 57222 62661 67393 70913 73210 75288 78021 79612 81097
47826 56523 62476 67391 70812 73189 75902 77595 79724 81097
48273 56717 62567 67521 70801 73759 76639 78344 79845 81097
47826 56465 63048 67059 70657 72956 75130 77329 79141 81097
47538 56673 63058 67006 70932 73254 76170 77907 79612 81097
47826 56907 62768 65998 69649 72382 74902 77329 79141 81097
48038 56564 62437 67439 70453 73713 75617 77526 79141 81097
48038 56564 62586 66537 70901 73735 75852 77516 79698 81097
47538 56625 62247 66286 70368 73703 75678 77621 79156 81097
47499 57332 63343 67463 71246 73658 76404 78141 79845 81097
48038 56725 62661 67788 71423 73813 76139 78055 79612 81097
47777 57234 63105 68027 71246 73554 75542 77323 79612 81097
47826 56907 62768 67013 70400 73480 75834 77526 79141 81097
48273 57222 62534 67732 70570 73331 76046 78141 79845 81097
48038 56717 62227 66429 70769 72988 75894 77867 79430 81097
47777 56595 62985 67172 70676 73095 75475 78032 79646 81097
48065 56625 62749 67139 70994 73473 75841 77461 79617 81097
47538 57234 63099 67741 71172 73552 76211 78014 79698 81097
48038 56564 61916 66224 70052 72978 75643 78137 79617 81097
47499 57544 63059 67059 70440 73479 75413 77526 79698 81097
48065 57224 62860 67103 70927 73351 75475 77461 79141 81097
48273 56946 63715 67659 70344 73176 76073 78014 79724 81097
48038 56709 61922 67025 70062 72830 75388 77907 79617 81097
47403 56597 62585 66907 70239 73293 76139 78055 79612 81097
47826 57100 63587 68367 71765 74367 76450 78344 79698 81097
48038 56798 63020 66385 70056 72620 75453 77516 79156 81097
47499 57204 63006 66243 69812 72559 74902 77329 79646 81097
48273 56946 62704 66503 69962 72655 75816 77634 79698 81097
48065 56792 63219 66811 70366 73765 76258 78241 79845 81097
47403 57309 63312 67738 70994 73293 75633 77461 79617 81097
47538 56829 61107 66820 70391 73925 76335 78150 79646 81097
47754 56268 61786 66870 70530 73019 75475 77329 79646 81097
47538 56523 61943 67013 70415 73189 75818 77483 79156 81097
47403 57157 63498 68126 71417 74197 76272 78141 79612 81097
47403 57309 63945 68237 71247 74090 76368 78150 79646 81097
47826 56217 61943 66971 70352 72855 75475 77329 79646 81097
48065 57222 62991 66995 71095 73520 75679 77551 79617 81097
48065 57222 62991 66830 69962 73705 75816 78077 79698 81097
47777 56792 62146 66029 69611 73204 75248 77329 79141 81097
47754 56217 61786 66032 70440 72620 75047 76969 79141 81097
48273 57713 63345 67788 70879 73874 76127 77972 79430 81097
48065 56032 62898 67323 70806 73658 76013 77585 79141 81097
47499 57204 63715 67949 70990 73458 75591 77306 79430 81097
47933 56032 62004 67033 69834 72806 75635 77323 79141 81097
47933 56588 62763 66463 70182 73040 74936 77585 79141 81097
47826 56907 63611 67464 70927 73124 75450 77245 79141 81097
48038 56709 63045 66498 70587 73331 75722 77533 79612 81097
47403 53942 61709 66275 69646 72382 75130 77329 79646 81097
47538 56829 63181 68167 70725 73442 75722 78141 79845 81097
47499 57544 63059 67978 71209 74151 76313 78182 79698 81097
47499 57921 63587 68367 71624 73970 76154 78208 79724 81097
48273 57100 62567 67751 71082 74415 76639 78208 79724 81097
48065 57222 62991 67650 71560 73978 76172 78150 79646 81097
47754 56206 62482 66873 70881 73480 75834 77526 79698 81097
47933 56588 61747 66691 69750 73458 75985 77866 79430 81097
47777 57580 63611 67733 70674 73073 75985 78077 79646 81097
47538 56206 62482 67350 70732 73943 76139 78040 79698 81097
47933 56333 62028 66224 69977 73534 75743 77551 79156 81097
47499 57515 63488 67316 69920 73317 75453 77867 79430 81097
48038 56212 61916 66224 69977 73534 76170 77907 79617 81097
48273 57713 63756 68237 71247 73930 75931 78032 79617 81097
47538 56829 62870 67013 70952 74142 76090 78014 79724 81097
47538 57234 63099 67741 70798 74073 76227 78032 79646 81097
47403 56919 61411 66963 70926 73740 76133 78076 79646 81097
48273 57583 63472 67650 70997 74216 76227 78032 79617 81097
47403 56895 62647 66870 70825 73196 75625 77526 79156 81097
47499 56907 62979 67391 71226 73429 75492 77329 79646 81097
47754 56212 62405 67062 70352 73822 75842 77781 79430 81097
47826 56907 62870 66099 70391 73925 76280 78014 79724 81097
48038 56725 62283 66123 70302 73474 75505 77306 79156 81097
47826 56588 62979 67006 70649 73969 75985 77760 79646 81097
48038 56717 62661 67788 70921 74010 76127 77781 79617 81097
47777 57234 63105 67467 71051 74415 76280 78241 79698 81097
47754 56206 62821 67200 70287 73705 75798 78021 79612 81097
48065 56625 63181 67554 71264 73490 75635 78141 79612 81097
47403 57094 61486 67157 70570 73331 75520 77306 79430 81097
47754 56217 62768 67013 70453 73189 75264 76969 79141 81097
48038 57515 63862 68423 71399 73988 75966 77781 79612 81097
47826 56907 63254 67439 70812 74050 75917 77717 79141 81097
47933 56333 63006 66243 69649 73159 75383 77864 79724 81097
47403 57094 62891 67033 70392 72830 74957 77323 79612 81097
47826 56465 62283 66032 69118 72750 75505 77551 79156 81097
48038 56212 62405 66798 69947 73210 75288 78021 79612 81097
47826 56588 62476 66286 70368 73114 75184 77717 79845 81097
47538 56597 61107 66360 70118 73490 76347 78055 79698 81097
48038 56709 63343 67897 70847 73171 75559 77245 79141 81097
47538 57234 63472 68396 71765 73925 76258 78150 79845 81097
47777 57349 63141 67795 71172 73713 76402 78223 79845 81097
47538 56673 63123 67803 71741 73969 76285 78279 79724 81097
48065 56792 63483 67416 70388 73073 75480 77585 79141 81097
47538 56564 62795 66907 70732 73293 76139 77907 79612 81097
47933 56900 62806 67196 71004 73841 75789 77595 79141 81097
48273 57222 62570 66521 69932 73520 75671 77551 79156 81097
47777 57309 63219 67169 70227 73019 75931 78032 79646 81097
47499 57921 64030 67211 70725 73442 76172 77965 79612 81097
47777 56900 62238 66663 69611 72430 74936 77585 79141 81097
47403 56919 61411 66963 70440 73167 76090 78076 79646 81097
47933 56673 63058 67736 70676 74150 76133 78034 79612 81097
48038 56798 62283 67204 70923 73713 76402 78241 79698 81097
48038 56709 62806 66569 70402 73188 75156 77866 79698 81097
48038 56717 62586 67790 71236 73796 75964 77621 79156 81097
48038 57349 63862 67058 70304 73678 76023 77867 79430 81097
47826 57285 62491 66873 70151 72978 74936 77461 79141 81097
48038 56717 62227 66542 69977 73534 75743 77551 79617 81097
47754 56217 62475 66429 69874 72612 75852 78182 79698 81097
48273 57222 62570 66521 69754 73367 76008 77867 79698 81097
47538 56523 62476 67277 71226 74461 76639 78344 79845 81097
47538 56625 62991 66830 71209 73421 76132 77965 79612 81097
47499 57204 63715 66963 70926 73678 76073 78055 79612 81097
47933 57094 63282 67233 70637 74040 76133 77965 79646 81097
