47779 56148 61757 66121 69127 72253 75401 77528 79560 81574 82925 84572 85923
47784 56563 62253 66226 69878 72096 75042 77540 79582 81230 83000 84640 85923
47499 56602 62025 66405 70076 73039 75391 77402 79672 81521 83161 84373 85923
47840 56574 62074 66333 69990 72910 75200 77690 79635 81553 82827 84204 85923
47779 56148 61627 66370 70082 72851 75633 78028 79713 81475 82808 84450 85923
47897 56091 61912 66104 69597 72698 75001 77342 79314 81086 83026 84789 85923
46936 56174 61490 66023 69655 72672 75512 77530 79140 81055 82997 84640 85923
47512 56214 62025 66544 69532 72263 74912 76555 78617 80751 82927 84572 85923
47512 56716 62580 66070 69517 72424 75018 77598 79273 81206 83088 84484 85923
47779 56345 60769 65846 68969 72245 74401 76891 78866 80955 82925 84572 85923
46936 56183 62268 66433 70064 73169 75271 77488 79156 81071 82989 84373 85923
47512 56407 62259 66461 69800 72698 75329 77653 79946 81979 83563 84789 85923
47682 56232 62086 66261 69823 72527 75311 77569 79053 80703 83023 84572 85923
47987 54663 60704 65216 69091 72339 75024 77015 79157 81084 82997 84373 85923
47847 56232 61757 66316 69133 72320 74934 77424 79781 81407 82857 84484 85923
47499 56295 62090 66174 70041 73114 75211 77531 79580 81243 83127 84450 85923
47840 56405 61815 66134 69570 72637 74851 77335 79596 81365 83026 84265 85923
46936 56051 61849 65303 68514 71755 74329 76653 78991 80651 82675 84484 85923
47809 56051 61945 66363 69600 72422 74329 76714 78552 80406 82390 84204 85923
47779 56041 61970 66351 69784 72772 75527 77770 79436 81348 83238 84778 85923
47987 54663 61131 65640 69349 72234 75166 77149 79182 81111 82639 84450 85923
47784 56700 62027 66632 69826 73071 75450 77439 79541 81218 83000 84206 85923
47987 56592 61751 65875 69433 72991 75317 77043 78833 80982 82857 84484 85923
47840 56405 61644 66306 69720 72572 75331 77977 79518 81230 83000 84388 85923
46936 56051 61918 66271 69693 72942 75724 77777 79682 81556 83453 84778 85923
47897 56228 62172 66258 69939 72903 75207 77608 79683 81206 82835 84265 85923
47847 56438 62066 66173 69525 72428 75189 77663 79253 81574 82925 84388 85923
47847 56103 61929 66163 69837 72698 75011 76727 79325 81027 82615 84265 85923
47784 56055 61929 66548 69815 72764 75513 77775 79281 81626 83325 84572 85923
48022 56496 62003 66387 70036 73001 75576 77488 79351 80778 82564 84373 85923
47897 56461 61922 66249 69473 72735 75057 77408 79407 81086 82410 84265 85923
47512 56298 61827 66153 69872 72473 74988 76874 79288 80956 82615 84265 85923
47784 56460 62420 66548 69930 72764 75212 77663 79221 81587 82925 84572 85923
47512 54663 61131 65492 69063 72178 74806 76850 78691 80579 82382 84204 85923
47840 56407 62009 66273 69077 72155 74440 76829 79174 80874 82382 84204 85923
47784 56172 61777 65497 69157 72102 74648 77176 79269 81348 82986 84778 85923
47499 56716 62284 66332 70126 73319 75871 77609 79685 81626 83178 84640 85923
47682 56327 62422 66674 70194 72976 75334 77347 79521 81595 83161 84373 85923
47784 56255 61883 66032 69646 72888 75497 78077 79799 81576 82927 84373 85923
46936 55963 62141 66473 70271 73202 75828 77969 80051 81696 83129 84373 85923
47512 56150 61786 66105 69600 72611 75398 77267 79355 81448 82789 84608 85923
47897 56228 61819 66340 69752 72898 75447 77959 80039 81649 83255 84778 85923
47746 56373 62399 66307 69627 71893 74724 77224 79299 81407 83246 84484 85923
47897 56413 62446 66813 70188 73208 75957 77863 79713 81511 82796 84373 85923
47682 56167 61996 66355 69970 73046 75169 77486 79484 81781 83314 84608 85923
47897 56139 61956 66633 70022 73083 75683 77688 79583 81151 82774 84608 85923
47847 56139 61838 66261 69279 72408 74836 76601 78898 80851 82808 84450 85923
47746 56787 62145 66592 69818 73022 75453 77687 79911 81810 83290 84789 85923
47987 56673 62559 66118 69828 72752 75041 77334 79088 80840 82550 84206 85923
48022 56580 62603 66876 70608 73017 75444 77611 79401 81029 82796 84373 85923
47987 56592 62088 66355 69997 73173 75880 78031 80113 81713 83153 84388 85923
47512 56174 60806 65303 69309 72552 75087 77106 78888 80841 82857 84484 85923
47779 56148 62366 66647 70210 72933 75705 77957 80158 81587 82925 84388 85923
47746 56460 62028 66035 69318 72539 74784 77126 79222 81066 82390 84204 85923
47682 56255 62329 66746 69998 73443 75376 77660 79582 81230 83000 84388 85923
47499 56720 62499 66856 70447 73573 76197 78241 80132 81502 83082 84640 85923
47847 56148 61942 66211 69877 72933 74951 77437 79518 81269 82588 84484 85923
47746 56070 61811 65856 69375 71857 74501 77013 79133 81066 83002 84204 85923
47512 56716 62590 66528 70149 73091 75831 77957 79581 81491 83026 84789 85923
46936 56422 62299 66744 70074 73103 75593 77637 79787 81574 83453 84640 85923
47784 56449 62006 66915 70335 73283 75606 77755 79328 81446 82807 84265 85923
48022 56684 62147 66602 70238 73498 75933 78080 80113 81565 83325 84780 85923
47499 56613 62333 66478 70016 72720 74814 77232 79367 80850 82410 84265 85923
47682 56327 61883 66355 69970 73046 75394 78181 79829 81208 82798 84373 85923
47784 56449 61653 66027 69401 71688 74651 77300 79323 81216 83020 84780 85923
47847 56438 61533 65789 69402 72318 74267 76653 78991 81074 82588 84204 85923
47512 56407 62330 66572 70088 72400 74675 77221 79249 81565 83128 84373 85923
47987 56345 61263 65659 69729 72765 74886 77427 79426 81106 82693 84265 85923
47746 55744 61751 65875 69426 72439 75473 77764 80021 81480 83336 84778 85923
47682 56417 61834 66732 70312 73424 75810 77802 79911 81713 83153 84388 85923
47847 56103 61932 66208 69476 72629 75211 77467 79581 81664 83002 84789 85923
47499 56784 62051 66579 70308 73411 75823 78046 79738 81475 82808 84450 85923
46936 56051 62082 66281 69890 72848 75398 77653 79923 81979 83563 84780 85923
46936 56265 61945 66182 69812 72838 75251 77696 79815 81926 83560 84780 85923
47847 56308 61935 66297 69608 72595 75368 78141 79838 81502 83082 84640 85923
47847 56103 61627 66370 69385 72546 75358 77512 79225 81061 82835 84608 85923
47987 56640 61834 66298 69775 73116 75546 77817 79774 81715 83020 84265 85923
47840 56295 62090 66563 69861 72954 75362 77542 79374 81409 83336 84572 85923
47840 56063 61806 66045 69850 73112 75724 77858 79389 81204 82964 84204 85923
47847 56232 61834 66256 69869 72723 75527 77959 79989 81480 83238 84789 85923
48022 56574 62034 66464 69794 73142 75955 78062 79946 81388 82808 84450 85923
47809 56373 62101 66429 69823 73284 75714 77830 79596 81365 83238 84789 85923
48022 56581 62384 67090 70341 73278 75736 77970 79736 81208 82798 84373 85923
47779 56172 61819 66268 69824 72284 75152 77470 79429 81481 83129 84373 85923
47779 56210 61811 65268 69437 72249 74593 76912 78880 81072 82835 84608 85923
47987 56345 61811 66168 69218 72392 74512 76555 79064 81032 82610 84450 85923
47746 56417 61884 66219 69498 71758 75025 77357 79169 81230 82927 84572 85923
47987 56640 62350 66298 69643 72191 74679 76474 78806 80778 82728 84373 85923
47987 56540 62301 66407 69949 73160 75109 77660 79756 81626 83325 84572 85923
47499 56716 62580 66632 70353 73584 76105 78330 80296 81979 83380 84780 85923
46936 56174 61967 66264 69707 72956 75604 78080 79821 81671 83046 84450 85923
47746 56373 61479 66380 69824 72966 74935 76970 79064 81032 82610 84206 85923
47897 56139 61956 66119 69716 72788 74806 77159 79417 81303 83231 84640 85923
47512 54663 61053 65756 69285 72270 74896 77201 79042 80551 82390 84204 85923
47779 56613 62358 66753 70400 73169 75856 78114 80234 81926 83246 84484 85923
47682 56417 62101 66219 69798 72580 74534 76609 78888 81041 82796 84450 85923
47499 56295 62027 66634 69949 72892 75199 77586 79703 81510 82802 84640 85923
47779 56210 62060 66388 69892 72792 75180 76944 79070 81151 83128 84373 85923
47840 56574 62366 66800 70321 73346 75862 78130 80024 81436 83127 84780 85923
47847 56139 61827 66104 68874 72185 74447 76975 79127 81111 83046 84450 85923
47897 56171 60704 65535 69316 72467 74754 77106 79180 81111 83046 84450 85923
47746 56438 62526 66642 70241 73132 75851 78041 79613 81393 82748 84572 85923
47809 56051 61823 66115 69603 72714 75108 77581 79607 81021 83020 84780 85923
47847 56445 61930 66241 69911 72909 74958 77424 79242 81407 83127 84450 85923
46936 56051 61918 66500 70186 73101 75689 77884 79935 81715 83020 84780 85923
47809 56461 61789 65991 69519 72125 74282 76865 78980 81068 82789 84204 85923
47499 56784 62526 66943 70551 73536 76133 78222 80156 81923 83437 84789 85923
48022 56333 61408 65719 69308 72258 74974 77329 79301 81103 82382 84206 85923
47746 56751 62233 66532 69990 72746 75529 77665 79418 81481 82808 84450 85923
47682 56413 62176 66412 69710 72709 75258 77176 79161 81278 83002 84204 85923
47987 56640 62253 66403 69804 72829 75369 77864 79596 81648 83380 84780 85923
47682 56640 62071 66480 69711 72780 75541 77868 79899 81297 83000 84388 85923
47682 56413 62176 66362 69996 73067 75421 77746 79907 81465 82796 84450 85923
47840 56540 61808 65866 68786 71809 74491 77017 78869 80551 82497 84572 85923
47682 56167 61884 66193 69575 72117 75333 77680 79708 81480 82807 84265 85923
47682 56498 61132 65776 69290 72490 75340 77701 79781 81355 83088 84608 85923
47779 56129 61752 65531 69331 72548 75238 77557 79508 81511 83161 84373 85923
47779 56345 61857 66402 70158 72878 75098 77494 79626 81475 83230 84450 85923
47897 56298 61293 65649 68925 72163 74883 76587 78730 80651 82382 84204 85923
48022 56574 62245 66355 69815 72298 74866 76781 79110 80967 82789 84204 85923
47987 54663 60806 65327 68425 71688 74336 76965 79371 80888 82798 84484 85923
47779 55429 61416 65908 69362 72137 75379 77770 79781 81210 82925 84572 85923
47897 56602 62344 66623 70266 73125 75597 77284 79136 80955 82550 84388 85923
47746 56417 62623 66813 69848 72839 75546 77715 79901 81686 83336 84572 85923
47784 56684 62118 66532 69723 73177 75734 77885 80144 81565 83325 84572 85923
47499 56602 62344 66813 70188 73003 75533 77753 79581 81259 83026 84789 85923
47779 56070 61811 66169 69525 71905 74555 76317 78640 80561 82748 84206 85923
47987 56171 62236 65753 69038 72236 74565 76949 78988 81156 82925 84572 85923
47809 56412 62108 66250 69649 72437 74866 77531 79824 81900 83178 84640 85923
47682 56232 62111 66701 70086 73077 75694 77829 79836 81822 83560 84778 85923
47840 56407 62259 66339 69951 72800 75016 77370 79629 81671 83046 84608 85923
47499 56613 62333 66776 70368 73273 75647 77959 80067 81822 83127 84780 85923
47512 56298 62025 66258 69889 73133 75645 77693 79576 81380 82693 84450 85923
47512 56716 62391 66846 69561 72594 75433 77593 79672 81278 82798 84484 85923
47682 56167 61819 66352 69285 72518 74759 77148 79221 80701 82546 84204 85923
47987 56540 61999 66483 69392 72362 74901 77201 79766 81446 83020 84780 85923
46936 55963 62118 66343 70190 73133 75645 77817 79480 81154 82693 84450 85923
47840 56055 62147 66602 70375 73456 75929 78004 80060 81841 83171 84388 85923
46936 56377 62116 66333 69846 72821 75371 77228 79076 80674 82610 84450 85923
46936 56174 60806 65507 69504 72513 74836 77388 79612 81231 82728 84388 85923
47987 56540 62301 66400 69573 72385 75020 77477 79486 81223 82550 84206 85923
47987 56673 62301 66493 69861 72954 75509 77646 79630 81652 82965 84780 85923
47784 56183 62268 66350 69923 73068 75659 77960 80050 81804 83437 84789 85923
47840 56063 61707 66304 69832 72600 74554 77022 78856 80727 82550 84206 85923
47512 56298 61912 66149 68942 72148 74980 77022 79393 81029 82728 84373 85923
48022 56581 61996 66661 69984 73155 75770 77684 79682 81574 83153 84388 85923
48022 56333 62118 66433 70009 72435 75270 77552 79196 81151 82774 84206 85923
47987 56592 62232 66228 69869 72653 75226 76924 78760 80912 82808 84388 85923
47512 56407 61644 65960 69777 73051 75398 77957 79928 81782 83437 84640 85923
48022 56684 62457 66376 69998 72926 75977 78059 80044 81710 83161 84373 85923
47779 56613 62333 66631 70318 72787 75385 77541 79541 80931 82748 84206 85923
47840 56540 61046 65498 68642 71978 74702 77220 79169 81018 82802 84640 85923
47746 56255 61838 66361 69954 72627 75255 77536 79032 80674 82639 84204 85923
47499 55963 62145 66591 70152 73209 75630 77854 79420 81505 83246 84484 85923
47897 56091 61580 65698 69380 72372 75188 77399 79680 81077 82845 84640 85923
46936 56051 62082 66579 70041 72930 75230 77516 79456 81248 83129 84778 85923
47779 56333 61968 66167 69779 72585 74531 76909 79076 81157 82610 84206 85923
47784 56684 62457 66731 69973 73044 75417 77954 79958 81558 82973 84608 85923
47512 56298 61827 66459 70300 73008 75597 77670 79764 81504 83437 84640 85923
48022 56726 62484 66633 70265 73306 75827 77735 79578 81316 83082 84640 85923
47840 56540 62088 66690 70107 73232 75331 77456 79594 81714 83380 84608 85923
47847 56103 62051 66639 69968 72698 74813 77053 79341 81478 82973 84388 85923
47499 56784 62486 66915 70083 72755 75118 77246 78819 80890 82550 84388 85923
46936 56230 61881 66426 69685 72558 74765 77135 78714 80642 82588 84204 85923
46936 56377 62074 66372 70210 73322 75825 78124 79851 81714 83231 84640 85923
48022 56726 62354 66171 69744 72808 75322 77221 79252 81411 82989 84608 85923
47746 56787 62145 66350 70030 73256 75685 77855 79590 81511 83250 84789 85923
46936 56265 61839 66334 69893 72421 74953 77430 79419 81224 83153 84778 85923
46936 56051 61975 65788 69529 72578 75334 77398 79508 81278 83002 84204 85923
47840 56407 61046 65775 69349 72266 75040 77324 79483 81616 83046 84608 85923
47499 56602 62446 66813 70423 73145 75659 77802 79850 81278 83082 84484 85923
47746 56230 62044 66263 69799 72990 75506 77660 79617 81103 83002 84204 85923
47499 56720 62674 67063 70475 72838 75614 77751 79920 81570 83082 84484 85923
47897 56171 61814 65597 69111 72546 75020 77546 79155 81210 82925 84388 85923
47809 56585 62060 65966 69532 72483 75158 77507 79394 81358 83002 84204 85923
47847 56232 62086 66580 70219 73221 75638 77612 79147 80809 82546 84204 85923
47840 56574 62074 66372 70069 72871 75304 77588 79907 81794 83068 84450 85923
47847 56592 61814 65597 69313 72393 75073 77327 79518 81649 83265 84608 85923
46936 56051 61759 65860 69531 72391 75025 77192 78967 81088 83044 84778 85923
47784 56255 61935 66121 69127 72304 74954 76774 79033 80967 82497 84204 85923
46936 56041 61985 66549 69925 72530 75253 77417 79350 81388 83153 84388 85923
47499 56720 62661 66906 70520 73409 75777 77579 79424 81355 82857 84484 85923
47746 56417 62101 66128 69560 72401 75104 77445 79687 81799 83453 84778 85923
48022 56595 62196 66486 70175 72709 75237 77346 79418 81221 83002 84204 85923
47840 56129 61968 66366 69467 72530 75061 77375 78987 80834 82789 84608 85923
47987 56540 62299 66351 69853 72259 74512 77107 79259 81071 82789 84204 85923
47897 56255 62344 66623 69917 72133 74692 76889 78751 80840 82550 84206 85923
47847 56445 62084 66576 69905 73088 75539 77636 79705 81095 82610 84206 85923
46936 56051 61823 66515 70036 73131 75909 78047 80182 81958 83453 84778 85923
47512 56174 62118 66657 69517 72131 75042 77114 79140 81055 82845 84640 85923
47847 56148 61942 66763 69734 72534 75330 77707 79743 81322 83088 84484 85923
47779 56129 61663 66248 69953 72842 75369 77848 79489 81529 83265 84778 85923
47847 56412 61943 66213 69329 72483 75061 76836 78679 80786 82995 84450 85923
47840 56295 62266 66407 69824 72082 74926 77076 79249 81217 82550 84206 85923
47682 56167 61757 66241 69978 72970 75672 77531 79594 81751 83380 84608 85923
47847 56232 62092 66464 70061 73013 75696 77824 79887 81553 83002 84204 85923
47897 56228 62123 66604 70089 73131 75724 77937 80028 81794 83068 84640 85923
47779 56613 62319 65981 69708 72689 75416 77752 79708 81692 83023 84484 85923
47847 56232 61856 66261 69685 72562 74776 77528 79581 81616 82925 84388 85923
46936 56377 62233 66641 69849 72535 75308 77802 79818 81388 83153 84388 85923
48022 56585 62319 66921 70328 73070 75527 77580 79745 81652 83560 84780 85923
47682 56255 62499 66984 70312 73359 75770 78220 80141 81574 82925 84572 85923
47499 56673 62559 66727 69744 72931 75538 77680 79575 81029 82796 84373 85923
47840 56129 61839 66117 69375 72386 75371 77885 79719 81218 82514 84373 85923
47809 56585 62273 66621 70166 73065 75522 77803 80050 81810 83437 84789 85923
47809 56461 61789 66064 69613 72346 74866 76550 78426 80822 82807 84572 85923
47847 56412 61943 66210 69882 72627 75283 77720 80017 81953 83246 84780 85923
47840 56091 61580 66178 69196 72076 74857 77306 79402 81689 83152 84608 85923
48022 56581 62299 66370 69846 72743 75146 77529 79788 81338 83230 84778 85923
47746 56438 62108 66232 69920 72898 74974 77329 79523 81310 82588 84204 85923
47784 56700 62154 66657 69844 72547 74975 77530 79140 80810 82615 84388 85923
48022 56377 62233 66616 70240 73140 75577 77760 79705 81171 82514 84373 85923
47847 56148 62366 66432 69499 72492 75265 77506 79415 81259 83154 84789 85923
47809 56312 62090 66493 69884 73064 75424 77745 79703 81510 82802 84640 85923
47784 56563 62253 66674 70341 73103 75810 78036 79850 81446 83255 84778 85923
47809 56242 61789 65898 69574 72481 75155 77200 78880 80850 82774 84608 85923
47987 54663 59972 64803 68664 71680 74471 77175 79142 81217 82550 84388 85923
47499 56673 62105 66402 70021 73125 75710 77615 79684 81151 82675 84206 85923
47847 56103 61627 66370 69851 72999 75554 78043 80021 81715 83044 84265 85923
47784 56700 62486 66597 70173 73052 75427 77536 79766 81229 83000 84206 85923
47897 56139 61586 66006 69362 71809 74491 77069 79195 80834 82774 84206 85923
48022 56684 62268 66641 69890 73039 75810 77540 79593 81440 83246 84780 85923
47987 56201 61834 66362 69649 72595 75140 77832 79541 81296 82835 84608 85923
47779 56333 62354 66706 70286 73297 75965 78280 79925 81692 83336 84778 85923
46936 56230 61982 66233 69693 72771 75577 77655 79729 81804 83238 84789 85923
47847 56148 61792 66023 69960 72845 75630 77957 79581 81616 83154 84789 85923
47682 56417 61884 66761 69848 72924 75488 77728 79635 81449 83238 84789 85923
47784 56684 62329 66602 70148 73233 75732 77624 79630 81283 82964 84780 85923
48022 56595 62212 66463 69225 72470 75066 77485 79299 80898 82857 84450 85923
47847 56103 62034 66493 69331 71978 75065 77609 79567 81297 82808 84450 85923
47746 55627 61533 65977 69591 71870 74779 77315 79674 81316 83000 84640 85923
46936 56422 62317 66748 70387 73432 75920 77959 79733 81446 83255 84484 85923
46936 56174 61908 66258 69435 72040 74685 76852 79161 81066 83026 84265 85923
47499 56726 62285 66498 70177 72704 75173 77374 79276 81171 82514 84206 85923
48022 56684 62171 66574 69740 72756 75142 77111 79443 81505 83153 84778 85923
47512 56150 61903 66223 69936 73181 75319 77660 79288 81206 83088 84608 85923
47779 56041 61768 66115 69726 72101 75018 77218 78880 81072 82989 84373 85923
47779 56150 62368 66669 69875 72948 75336 77674 79903 81979 83380 84780 85923
47779 55429 61174 65220 68881 71911 73907 76803 78751 80690 82410 84265 85923
47840 56129 62057 66450 70015 73031 75438 77755 79328 81393 82748 84206 85923
47784 56449 62457 67131 70371 73044 75795 77835 79616 81399 82728 84388 85923
47987 56540 62350 66793 70212 72986 75574 77564 79451 80882 82639 84204 85923
47499 56673 62358 66603 69824 72529 75317 77043 79260 81326 83246 84780 85923
47499 56673 62520 66753 69605 72401 74982 77444 79035 80756 82675 84484 85923
47499 56716 62590 67003 70507 73283 76036 78208 79810 81558 83154 84789 85923
47512 56150 61293 65305 69131 72734 75298 77661 79830 81746 83023 84484 85923
48022 56574 62034 66333 69711 72772 75319 77653 79866 81652 83560 84780 85923
47809 56412 62200 66436 69850 72870 75061 77734 79576 81325 83000 84789 85923
47512 56174 60806 65507 69349 72344 75077 77710 79496 81309 82796 84373 85923
47779 56613 62354 66794 70398 72752 75475 77942 79873 81660 83380 84608 85923
48022 56684 62329 66720 70004 72538 75059 77405 79386 81529 83154 84789 85923
48022 56581 61996 66308 69801 72385 75209 77500 79418 81535 82857 84484 85923
47682 56580 62384 67090 70656 73528 75937 78292 80168 81958 83560 84780 85923
47897 56091 61808 66409 70211 72979 75532 77687 79926 81713 83153 84778 85923
47847 56445 62034 66534 70002 73158 75706 78129 80182 81932 83380 84780 85923
47987 56563 61999 66162 69676 72764 75256 77760 79873 81510 82802 84640 85923
47512 56595 62196 66846 70076 72918 75417 77401 79071 80727 82514 84373 85923
47499 56720 62674 66864 70379 73338 75923 78090 79940 81715 83560 84780 85923
47746 55744 61751 66173 69728 72546 75050 77584 79792 81652 82977 84206 85923
47682 56232 62111 66520 69872 72824 75094 77693 79683 81206 82723 84265 85923
47897 56171 61808 65798 69405 72704 74883 77182 79465 80912 82693 84265 85923
48022 56377 61970 66428 69795 72832 75655 77950 79713 81481 83161 84373 85923
47682 56720 62299 66701 70033 72792 75253 77656 79415 81365 83044 84265 85923
47499 56787 62013 66332 69904 72809 74912 76670 78988 80931 82927 84572 85923
47987 56171 62236 66538 69729 72765 75198 77383 79592 81671 83336 84572 85923
47784 56308 61935 66439 69786 72643 74582 77563 79546 81027 82925 84388 85923
47746 56787 62145 66208 69596 72584 75124 77456 79094 81248 83044 84265 85923
47897 56228 61707 66103 69704 72713 75604 77718 79521 81242 83161 84373 85923
47682 56167 61990 66407 69553 72444 75304 77378 78970 80810 82586 84373 85923
47512 56214 62030 66314 69769 72510 75659 77755 79605 81086 82410 84206 85923
47499 56295 62090 66466 70093 72998 75418 77934 79852 81923 83437 84789 85923
47779 55429 61132 66121 69546 72279 75004 77119 79285 81086 82410 84206 85923
47499 56700 62054 66428 69339 72085 74992 77177 79408 81322 82840 84484 85923
47897 56298 62154 66259 69797 72775 74795 76855 78869 81255 83152 84572 85923
47987 56581 61996 66002 69537 72603 75191 76913 78947 81084 82827 84640 85923
47897 56461 61995 65736 69275 72063 74699 76839 79109 81180 82497 84204 85923
47847 56232 61856 66326 69692 72782 75179 77157 79450 81380 82693 84450 85923
47840 56407 61644 65947 69351 72395 75031 77534 79791 81358 83250 84789 85923
47682 56720 62374 66763 70387 73183 75720 77710 79743 81309 83046 84450 85923
47746 56438 62086 66429 70122 72962 75311 77654 79394 81703 83250 84450 85923
47499 56602 61954 66414 69994 73247 76035 77969 79595 81472 83046 84608 85923
47746 56751 62221 66372 69884 72375 75060 77821 79829 81521 83161 84373 85923
47847 56139 61955 66217 69608 72359 75206 77572 79344 81103 83000 84789 85923
47987 56673 61318 65649 69451 72425 74950 77232 79483 81616 83046 84608 85923
47847 56148 61903 66099 69690 72347 74995 77336 79269 81077 82986 84778 85923
47746 56230 62044 66564 69987 73150 75543 77730 79954 81849 83560 84780 85923
47746 56070 62060 66427 69869 72922 75965 78280 79925 81686 83336 84572 85923
47779 55429 61174 65596 69118 71946 74477 77041 78650 80601 82564 84373 85923
47987 56563 61053 65557 69285 72551 75136 77222 79053 80703 83023 84484 85923
47840 56312 61806 66271 69799 72639 75031 77542 79076 81193 83127 84450 85923
47897 56413 61826 66211 69500 72476 75084 77344 79129 80596 82390 84265 85923
46936 56230 61881 66426 69946 72679 75298 77403 79161 81242 83161 84373 85923
48022 56751 62364 66292 69791 72793 75606 77613 79682 81696 82997 84373 85923
47784 56700 62580 66556 69904 72898 75694 77770 79367 81263 83227 84640 85923
47746 56255 61453 66145 68662 71776 74496 77030 79381 81334 83082 84484 85923
47512 56347 61827 66153 69910 72864 75374 77831 80092 81810 83437 84640 85923
47987 56640 62232 66604 70602 73476 75904 78046 79632 81542 82995 84450 85923
47746 55744 61734 66007 69577 72793 75518 77677 79792 81849 83560 84778 85923
47987 56592 62056 66815 70475 73275 75349 77868 79685 81436 83127 84450 85923
47779 56148 61757 66316 69852 72914 75441 77275 79210 80642 82723 84484 85923
47840 56295 62090 66174 69910 72812 75443 77950 79913 81511 83250 84789 85923
47840 56295 62051 66370 69385 72547 75283 77635 79598 81192 83152 84608 85923
47784 55979 61826 66020 69625 73128 75560 77435 79268 81077 83000 84388 85923
47784 56055 61703 66398 70107 72482 75235 77541 79341 81002 82973 84388 85923
47499 56720 62311 66520 69995 73093 75620 77884 79790 81165 82845 84640 85923
47499 56602 62446 66647 70033 73069 75453 77644 79871 81481 83154 84388 85923
47809 56051 61945 66217 69655 72781 75192 77449 79468 81510 83453 84640 85923
47682 56417 61884 66413 69910 72930 75581 77697 79327 80791 82798 84373 85923
48022 56726 62351 66823 70029 72663 75199 77460 79355 81171 83129 84373 85923
47784 56242 61751 66437 69734 72838 75656 77711 79748 81846 83314 84789 85923
48022 56581 62384 66346 69980 72947 74833 77315 79147 81074 82827 84204 85923
47746 56460 61738 65900 69646 72649 75363 77530 79612 81511 83437 84640 85923
47784 56242 61789 66178 70099 73078 75489 77827 79614 81411 82723 84265 85923
47847 56232 61935 66523 70161 73131 75479 77696 79436 81405 82789 84608 85923
47512 56214 60721 65414 68979 72634 75381 77345 79238 80898 82675 84206 85923
47840 56378 62005 66382 69381 72171 74971 77316 79429 81365 83238 84778 85923
47840 56405 62019 65960 69473 72735 75114 77623 79611 81005 82514 84373 85923
47499 56506 62422 66894 70374 73407 75905 78101 79651 81360 83020 84780 85923
47779 56070 61355 65220 68792 71092 74068 76456 78640 80561 82497 84204 85923
47809 56201 61479 65989 69460 71710 74675 77380 79438 81393 82748 84572 85923
47779 56345 61263 65865 69294 72266 74870 77223 79148 80601 82586 84265 85923
47847 56308 61654 66286 69646 72716 75358 77772 80202 82020 83325 84572 85923
47809 56506 62399 66814 70093 72828 74824 77411 79511 81542 83127 84450 85923
47784 56255 62253 66483 70068 72952 75379 77184 79283 81077 82390 84204 85923
47809 56585 62273 66643 70625 73657 75977 78181 80267 81746 83290 84789 85923
47746 56373 61992 66370 69743 72192 74555 77048 79207 81269 82986 84778 85923
47847 56148 61826 65783 69351 72524 75157 77534 79813 81689 83563 84780 85923
47499 56700 62486 66860 70022 73125 75509 77715 79790 81510 83453 84778 85923
47784 56449 62580 67029 70351 73025 75304 77608 79273 81206 82835 84265 85923
47809 56373 61440 65960 68598 72052 74644 77305 79296 81003 82586 84265 85923
47746 56787 62063 66208 69623 72551 74496 76826 79194 81055 82845 84265 85923
48022 56595 62186 66777 70212 73352 76014 78071 79672 81509 82989 84608 85923
48022 56580 62211 66547 69952 72650 74842 76627 79275 81028 82840 84484 85923
47682 56255 62127 66720 70376 73239 75791 77868 79887 81664 82964 84204 85923
48022 56574 62147 66398 70014 72667 74897 77340 79407 81529 83129 84373 85923
47897 56496 61408 65719 69670 72873 75264 77611 79136 81096 82675 84206 85923
47784 56308 62066 66173 69638 72295 74555 77040 79708 81404 83255 84778 85923
48022 56751 62221 66548 70021 73190 75515 78049 79777 81230 82796 84373 85923
47746 55627 61644 64931 68909 71870 74444 77015 79128 80751 82927 84572 85923
47784 56460 62028 66035 69750 72694 75366 77493 79406 81504 83437 84640 85923
48022 56445 62193 66493 69974 72795 74895 77223 79356 81432 82965 84206 85923
47784 56700 62319 66420 70034 72454 74937 77528 79782 81231 82973 84608 85923
47847 56438 61533 66079 69514 72524 74754 77157 79450 81481 83154 84789 85923
47840 56407 61912 66010 69863 72784 75417 77401 79487 81595 83161 84789 85923
46936 56230 61982 66590 69915 73040 75452 77851 79575 81388 83153 84778 85923
47746 56787 62399 66814 70454 73316 75982 78072 80147 81628 83255 84484 85923
47746 56405 61929 66571 69942 73122 75222 77528 79673 81365 83238 84778 85923
48022 56585 62060 66388 69920 72903 75120 77354 79415 81348 83238 84778 85923
47499 56506 61863 66313 69875 72576 75110 77438 79106 81242 82586 84265 85923
47987 56581 62019 66333 70010 72920 75066 77082 79196 81151 82675 84206 85923
48022 56684 62329 66720 70175 73112 75497 77785 79950 81814 83453 84640 85923
47809 56412 62056 66815 70047 72425 75024 77453 79723 81206 82723 84484 85923
47809 56327 62082 66510 70013 72330 74578 76609 78760 80982 82693 84265 85923
47897 56413 61856 66228 70265 73090 75333 77617 79509 81505 83153 84388 85923
47499 56295 62266 66543 70058 73248 75666 78104 79887 81684 83000 84388 85923
48022 56585 62278 66544 70030 72259 75190 77422 79525 81210 83178 84640 85923
47682 56167 61871 66438 69840 73011 75555 77466 79596 81448 82789 84204 85923
47897 56413 61416 65929 69553 72240 75119 77474 79450 81481 82808 84450 85923
48022 56726 62285 66854 70416 72796 75678 77660 79518 81422 82997 84640 85923
47779 55429 61309 65539 69233 72383 74792 77360 79590 81511 83161 84789 85923
47897 56413 61856 65651 69307 72826 75335 77777 79661 81481 83250 84450 85923
47784 56449 61053 65882 68964 71763 74068 76627 79275 81235 83023 84484 85923
47840 56405 62175 66263 69687 73099 75630 77957 79581 81259 83026 84265 85923
47897 56602 62446 66613 70106 73069 75440 77637 79423 81446 82798 84484 85923
47987 56201 62056 66133 69379 72422 74329 76714 79032 80874 82802 84640 85923
47746 56417 62623 66732 70074 72887 75434 77716 79244 80897 82586 84373 85923
47682 56167 61871 66263 69687 72745 75389 77568 79607 81077 82390 84204 85923
47512 56150 62368 66394 69560 72496 74578 77177 79408 81028 82840 84388 85923
47847 56412 62200 66464 70036 73072 75768 77881 79729 81510 82802 84206 85923
47512 56498 62154 66053 69779 72792 74984 77801 79303 81273 82995 84572 85923
47987 56201 62056 66133 69800 72781 74840 76889 79214 81141 83082 84484 85923
47847 56148 61132 65597 69734 72546 75028 77374 79670 81255 82807 84265 85923
47746 55627 61835 66346 69683 73202 75139 77323 79103 81028 82840 84388 85923
47840 56103 61932 66104 69877 72693 75078 77740 80016 81420 83178 84572 85923
47784 56563 61959 66162 69599 72567 74646 77374 79670 81255 83152 84608 85923
47840 56295 62284 66886 70310 73096 75656 77854 79738 81165 82845 84640 85923
48022 56445 62484 66861 70094 73142 75633 77798 79547 81599 83250 84450 85923
47784 56684 62268 66350 69973 72237 75045 77361 79156 80825 82798 84373 85923
47847 56592 61814 66006 70009 72716 75494 77715 79486 81409 82977 84206 85923
47987 56209 61819 65301 68932 71550 74219 76578 78866 80856 82845 84640 85923
47746 56230 61490 65709 69599 72634 75284 77126 79509 80956 82723 84265 85923
47512 56298 61293 65745 69262 72586 74657 77127 79424 81079 82808 84450 85923
47987 56345 61942 66190 69111 71976 74788 77147 79402 81180 82986 84204 85923
47746 56460 62028 66374 69870 73047 75366 77515 79734 81141 82675 84206 85923
47847 56308 61960 66128 69720 72513 75182 77653 79946 81492 82835 84608 85923
47809 56312 61985 65989 69460 72356 75024 77501 79721 81658 82986 84778 85923
47682 56720 62623 67067 70519 73411 75871 77967 79946 81388 82808 84388 85923
47897 56228 62123 66486 69534 72697 74730 77318 79438 81320 82798 84484 85923
47840 56091 61808 65303 68942 72148 74980 77022 79136 81309 82796 84373 85923
48022 56585 62212 66672 70230 73239 75745 77968 79887 81664 82964 84780 85923
47840 56129 62057 66341 70029 73001 75797 78086 79766 81492 83020 84265 85923
46936 56230 62248 66744 70161 73027 74949 77295 79546 81388 83171 84388 85923
48022 56580 62092 66464 70308 73476 75891 78183 80067 81616 83127 84780 85923
48022 56496 62123 65913 69413 72385 74997 77413 79743 81529 82989 84373 85923
47779 56167 61757 66241 69978 72883 75527 77497 79702 81599 83230 84778 85923
46936 56174 61490 65869 68483 71855 74496 76583 78833 80982 82857 84450 85923
47784 56449 62457 66585 70143 72551 75176 77937 79750 81420 82925 84572 85923
47840 56103 61627 66023 69577 72733 75311 77536 79605 81689 83020 84265 85923
47847 56308 62006 66314 69632 72658 75753 77885 79816 81511 83437 84640 85923
47746 56230 61881 66439 69418 72579 75189 77383 79418 81221 83002 84204 85923
47897 56228 61839 65955 69718 72802 75206 77696 79799 81553 82827 84204 85923
47987 56171 61347 66030 69465 71721 74373 76740 79053 80703 82588 84204 85923
47987 56209 62311 66674 69520 72433 75069 77624 79596 81204 82564 84373 85923
47840 56103 61580 65382 69039 72266 75080 77430 79419 81224 82986 84204 85923
48022 56445 62034 66426 69971 72780 75371 77851 80067 81617 83265 84608 85923
47809 56242 61959 66372 69686 72869 75179 77348 79468 80874 82827 84640 85923
47512 56150 61826 66335 69814 72398 74800 77251 79394 80786 82497 84572 85923
47682 56255 61883 66461 69941 73200 76105 77930 79851 81648 83380 84608 85923
46936 56377 62268 66490 70036 72837 75504 77586 79399 81333 83238 84778 85923
48022 56726 62141 66687 69949 72651 75306 77711 79487 81218 83161 84373 85923
47779 56172 62118 66290 69903 72898 75310 77155 79288 81310 83290 84484 85923
47779 56070 61676 66034 69789 72604 75225 77527 79766 81229 82550 84388 85923
46936 55963 62118 66769 70190 73114 75211 77229 79351 81055 82586 84373 85923
47784 56460 62066 66574 69876 72469 75198 77520 79053 80997 82497 84572 85923
47987 56345 61942 66763 70014 72537 75333 77465 79626 81475 83230 84450 85923
47746 56405 61815 65897 69645 73003 75601 77305 79296 81003 82807 84572 85923
47746 55627 61729 65948 69683 72819 75394 77676 79207 81666 83246 84780 85923
47987 56563 62520 66428 69711 72216 75099 77422 79784 81411 83152 84572 85923
47847 56139 62243 66623 70183 72936 75362 77383 79374 81480 82807 84572 85923
46936 56063 61813 66350 69729 72293 74792 77158 79274 81086 83000 84206 85923
47779 56345 62087 66316 69819 72858 75583 77851 79577 81338 82986 84778 85923
47512 56407 62284 66639 69897 72796 74940 77299 79553 81660 83380 84780 85923
47987 56592 61751 66071 69433 72438 75057 76766 79076 81157 83127 84780 85923
47512 56716 62580 67131 70756 73584 76086 78251 80118 81841 83154 84789 85923
47779 56172 61811 66253 69995 72429 74842 77199 79298 81232 83129 84373 85923
47746 56255 61995 66250 69745 72578 74956 76653 78510 80406 82390 84265 85923
47746 56751 62233 66439 69565 72600 75196 77149 79400 81475 83230 84778 85923
47987 56640 61132 65756 69091 72339 75433 77710 79750 81420 83000 84640 85923
47987 56201 62258 66664 70377 73061 75836 77959 80039 81814 83453 84640 85923
47840 56091 61580 66071 69756 72775 75151 77512 79290 81358 83250 84450 85923
47809 56506 61863 66343 70022 72948 75266 77438 79719 81151 82514 84373 85923
46936 56209 62021 66490 69349 72344 74866 76904 78714 80882 82639 84450 85923
47987 56171 61347 66294 68933 71855 74493 77144 79244 81165 83068 84450 85923
47779 56129 61627 66167 69196 72294 75021 77212 79502 81513 83265 84608 85923
47746 56417 62086 66429 69614 72711 74679 76959 79242 81407 83246 84780 85923
47840 56407 62016 66165 70115 72571 75155 77227 79328 81393 83325 84572 85923
47840 56405 61644 66023 69801 72604 75217 77534 79719 81812 83161 84373 85923
47499 56726 62484 66861 70518 73361 75915 78047 80182 81814 83265 84778 85923
46936 56377 62186 66538 70321 73082 75437 77736 79261 81323 82796 84450 85923
47840 56063 61806 66425 70005 73233 75690 77875 79770 81144 83068 84640 85923
47784 56308 62066 66037 69740 72601 75362 77702 79799 81556 83453 84640 85923
47847 56148 61132 65382 69165 72344 75422 77784 79742 81413 83026 84789 85923
47779 56172 61811 66025 69570 72712 75181 77903 80144 81812 83563 84789 85923
47809 56412 62108 66071 69600 72605 75415 77665 79489 81077 82390 84265 85923
47512 56595 61835 66194 69801 72668 74554 76816 79066 81005 82802 84640 85923
48022 56585 62200 66465 69941 72323 74840 77159 78980 80834 82382 84204 85923
47809 56210 61437 65746 69329 72483 74454 76508 78679 80674 82382 84204 85923
47499 56700 62027 66321 69655 72738 75578 77688 79790 81210 82802 84640 85923
47746 56255 62044 66426 69684 72679 75213 77212 78760 80841 82639 84450 85923
47682 56720 62499 67017 70245 72809 75483 77786 79735 81574 83153 84388 85923
47784 56055 61395 65761 69258 72359 75034 77523 79444 81066 82390 84265 85923
47987 56345 62358 66312 69824 73055 75259 77046 79080 81156 82927 84373 85923
47987 56540 61688 65852 69824 72385 75259 77046 79299 81230 82995 84572 85923
47840 56103 62088 66472 70151 72920 75501 77776 79402 81180 82986 84778 85923
47512 54663 60769 65382 68517 72037 74390 76561 78972 81029 82808 84450 85923
48022 56445 62200 66602 69920 72829 75417 77529 79076 81193 83127 84780 85923
48022 56585 62486 66793 70000 72894 75746 78036 80032 81549 83046 84608 85923
47499 56613 62354 66428 69795 72832 75308 77602 79913 81828 83250 84450 85923
47512 56347 62060 66259 70313 73288 75731 77817 79738 81511 82845 84265 85923
48022 56377 62074 66304 69928 72480 74535 77025 79158 81068 83046 84608 85923
46936 56183 62127 66564 69878 73103 75385 77802 79818 81696 83453 84778 85923
47987 56171 61713 66261 69289 72384 74897 77018 79113 81171 82514 84373 85923
47499 56700 62027 66341 69658 72826 74921 77401 79695 81399 82728 84373 85923
47987 56563 61999 65537 68659 72186 74763 77380 79265 81422 82997 84373 85923
46936 56041 61788 66161 69907 72806 74914 76966 79076 81025 82964 84780 85923
47784 56563 61999 65866 69711 72716 75532 77687 79926 81478 82973 84608 85923
47784 56449 62030 66301 69641 72325 75126 77403 79161 81242 82586 84265 85923
47809 56214 62025 66681 69859 73062 75330 77552 79642 81703 82995 84450 85923
46936 56230 61881 66383 69422 72269 74899 77152 79348 81402 82675 84484 85923
47682 56640 62232 67063 70475 73338 75709 78017 80183 81926 83560 84778 85923
47809 56461 61834 65282 69178 71866 74469 76774 79476 81255 82807 84572 85923
47512 56347 61826 66187 69142 72261 74954 77419 79322 81310 83002 84789 85923
47784 56183 62127 66720 70358 73301 75767 78086 79990 81481 83129 84778 85923
47784 56308 61960 66128 69720 72909 75474 77895 79518 81649 83088 84608 85923
47809 56412 61997 66197 69714 72622 75420 77772 79880 81658 82986 84778 85923
47512 56298 61908 66258 69356 72040 74685 77231 78714 80882 82639 84450 85923
46936 56377 62233 66532 70041 72942 75577 77881 80156 81958 83227 84780 85923
48022 56581 61131 65850 69628 72689 75248 77465 79972 81626 83325 84572 85923
47499 56602 62373 66414 69884 73154 75595 78049 80091 81671 82995 84450 85923
47746 56255 61995 65736 69119 72604 75307 77414 79638 81686 83238 84789 85923
48022 56496 61996 66261 70114 72916 75336 77902 79818 81713 83153 84388 85923
48022 56585 62319 66632 70122 72805 75509 77700 79963 81586 82857 84450 85923
47809 56461 61995 65888 69435 72447 75287 77536 79696 81095 82610 84206 85923
47809 56051 61975 66375 69716 72775 75155 77718 79609 81511 83437 84789 85923
48022 56595 62386 65850 69569 72761 75362 77313 79582 81456 83128 84780 85923
47784 56449 62006 66364 70507 73302 75672 77431 79471 81360 83246 84484 85923
48022 56377 62074 66532 69996 73012 75585 78104 80113 81499 83171 84780 85923
47809 56210 61805 65713 69433 72492 75639 77692 79630 81088 83044 84265 85923
47682 56255 61819 66268 70075 73181 75530 77984 80077 81841 83563 84789 85923
47809 56201 61959 65991 69090 72131 74875 77752 79646 81649 83255 84484 85923
47987 56640 61132 66184 69870 73018 75534 77868 79670 81542 83325 84572 85923
47746 56373 61440 66307 69864 73045 75378 77777 79299 81157 82965 84780 85923
48022 56726 62597 67017 70361 73552 75993 78251 79927 81381 82973 84388 85923
47847 56412 62056 66133 69762 72543 75280 78075 79946 81334 83082 84640 85923
47840 56295 61954 66498 70177 72864 75304 77588 79577 81005 82514 84373 85923
46936 56422 62111 66295 69987 72963 75313 77534 79581 81689 83020 84265 85923
47847 56148 61627 65883 68819 72044 75048 77414 79638 81409 82748 84206 85923
48022 56751 62393 66746 69980 73044 75545 77262 79390 81238 82964 84204 85923
47784 56242 62266 66429 70045 73191 75570 77639 79463 81411 82723 84484 85923
47809 56242 62266 66731 70316 73132 75851 77861 79644 81096 82748 84206 85923
47809 56214 62212 66463 70124 72452 75290 77379 79672 81509 83231 84640 85923
47682 56580 62211 66604 70004 72845 75479 77441 79523 81310 83290 84789 85923
47682 56232 62111 66701 70359 73370 75880 78028 79954 81822 83127 84450 85923
47840 56574 62330 66493 70098 73072 75176 77192 79281 81626 83227 84640 85923
47840 56540 61808 66351 69771 72762 74987 77447 79713 81475 83153 84388 85923
47746 55744 61751 66227 69792 72698 75513 77775 79603 81180 82986 84204 85923
47746 55744 61734 66226 69465 72448 75623 77735 79680 81713 83453 84640 85923
47746 56438 61792 66321 69873 72913 75417 77798 80047 81897 83238 84789 85923
46936 56174 62082 66349 69822 72565 75021 77514 79310 80842 82390 84265 85923
47512 56150 61871 65268 68520 71168 73962 76235 78405 80601 82390 84265 85923
47840 56405 62364 66548 69736 72236 74923 77005 79109 81409 82748 84572 85923
47784 56308 61960 66349 69238 71960 74907 77053 78913 81061 82973 84608 85923
47682 56422 62269 66769 69995 73049 75672 77687 79509 81529 83154 84789 85923
47784 56563 62402 66633 69917 72239 74951 77437 79446 81016 82973 84388 85923
47682 56413 61826 66567 70162 73077 75513 77959 80039 81814 83231 84640 85923
47897 56413 62044 65772 69131 71397 74097 76474 78742 80809 82840 84388 85923
48022 56377 62116 66497 69941 73125 75747 77895 79594 81068 82588 84204 85923
47682 56720 62374 66705 70440 73478 75834 78142 80128 81542 83325 84572 85923
47746 56417 62175 66263 69687 72524 75316 77711 79418 81221 82546 84204 85923
47499 56506 62333 66742 70328 73132 75770 77715 79673 81365 83026 84265 85923
47512 55627 61440 65921 69614 72805 75916 78106 79609 81334 83082 84640 85923
46936 56377 62118 66473 69968 73035 75679 77777 79923 81953 83290 84484 85923
47784 56183 62268 66350 69849 72756 75394 77512 78991 81141 82675 84484 85923
47840 56091 61088 65678 69460 72200 75013 77253 79282 81221 83002 84789 85923
47847 56103 61864 66110 69199 72221 75239 77715 79596 81382 82693 84450 85923
46936 56183 62268 66515 69937 72909 75319 77770 79923 81405 83314 84608 85923
47779 55429 61437 65746 69177 72192 75307 77375 79614 81365 83044 84778 85923
47682 56167 61884 66324 70031 72579 75228 77693 79696 81481 83129 84373 85923
47499 56784 62366 66647 70274 73082 75812 78090 79651 81360 83246 84484 85923
47809 56051 61863 66174 69791 72925 75431 77586 79703 81324 82774 84608 85923
47784 56055 61654 65883 69616 72775 74895 76944 78587 80701 82925 84388 85923
47499 56784 62441 66466 70008 73035 75375 77342 79641 81154 82835 84608 85923
47840 56574 61968 66353 69623 72788 75407 77650 79722 81664 82964 84204 85923
47499 56787 62266 66823 70328 73257 75696 77881 79745 81822 83560 84778 85923
47499 55963 61863 66473 70093 73007 75499 77623 79928 81309 83068 84450 85923
47840 56295 62027 66379 70115 72571 75035 77299 79367 81492 82835 84608 85923
47784 56183 61654 66055 69165 72406 74978 77135 79210 80642 82390 84265 85923
47682 56498 62183 66185 69693 72447 74747 77126 79129 81259 83026 84265 85923
47809 56373 62399 66563 70328 73070 75527 77850 79705 81652 82977 84778 85923
47779 56041 61788 66128 69736 72749 75129 77711 79940 81360 82723 84265 85923
47784 56700 62580 66070 69560 72444 75361 77560 79409 81055 82586 84373 85923
47840 56055 62016 66289 69923 72809 75155 77200 79314 81086 83026 84789 85923
47809 56373 61918 66363 69732 72438 75232 77696 79815 81238 82588 84204 85923
48022 56580 62393 66774 70101 72888 75028 77253 79364 81633 83371 84789 85923
47840 56091 61707 66149 69488 72481 74733 77270 79161 81278 83161 84373 85923
47987 55744 61479 64680 68570 71710 74675 77060 79070 81025 82965 84206 85923
47840 56407 62009 66183 69881 72530 75317 77486 79484 81405 82789 84204 85923
47499 56720 62299 66769 70210 72940 75379 77360 78972 80810 82728 84373 85923
47809 56201 62103 66842 70326 73055 75192 77578 79373 81360 83020 84780 85923
47987 54663 60721 64680 68732 71776 74460 77314 79214 81095 82802 84640 85923
47784 56563 61734 66594 69901 72540 74501 76581 78694 80756 82410 84265 85923
47499 56784 62215 66585 69818 73022 75726 77941 79661 81079 82808 84450 85923
47512 55627 61533 65789 69583 72163 74067 76601 79314 81235 83023 84572 85923
47897 56496 62211 66842 70386 73356 75775 77710 79750 81381 83152 84572 85923
47809 56506 62373 66429 70175 73268 75501 77824 79419 81096 82675 84484 85923
47987 56581 62559 66621 69989 72252 74732 77239 79548 81505 83246 84780 85923
46936 56051 61945 66482 69973 72919 75024 77009 78833 80898 82675 84484 85923
47847 56139 61955 66658 70287 72911 75450 77688 79419 81495 83088 84608 85923
47682 56413 62154 66906 70183 72554 75121 77150 79401 81284 82973 84608 85923
47682 56232 62232 65608 69200 72414 74958 77367 79188 81193 83127 84450 85923
47840 56378 62350 65840 69276 71895 74421 77222 79080 80810 82728 84373 85923
47784 55979 62003 66377 69969 72159 74844 77379 79148 81278 82798 84484 85923
47746 56460 61811 65856 69723 72178 74768 77051 79282 81212 83371 84572 85923
47746 55627 61490 65709 69403 72495 75427 77854 79478 81229 82550 84388 85923
47746 56438 62044 66142 69873 73003 75543 77711 79946 81388 82808 84388 85923
47897 56139 61827 66153 69262 72487 75026 77145 79386 81310 83002 84789 85923
47499 55963 62145 66592 69818 73022 75672 77431 79483 81171 82723 84484 85923
47840 56540 62299 66793 70018 72213 74948 77313 79157 81230 82728 84373 85923
46936 56041 61777 66288 70009 72874 74953 77274 78980 81151 82675 84206 85923
47897 56461 61995 66087 69493 72298 74166 76901 79296 81055 82845 84265 85923
47499 56295 62301 66793 70291 73247 76042 78176 80079 81513 83265 84778 85923
47682 56327 62176 66834 70457 73369 75831 78168 80111 81900 83371 84789 85923
47779 56150 61826 66210 69644 72611 74701 77228 79535 81111 82639 84204 85923
47840 56574 62074 66372 70070 72904 75040 77457 79512 81151 83128 84780 85923
47746 55744 61688 66292 69815 72764 75388 77655 79174 81283 82964 84780 85923
47784 56308 61586 66119 69788 72842 75060 77363 79864 81558 83314 84608 85923
47840 56295 62057 66139 69264 72382 74980 77335 79547 81333 83238 84789 85923
47987 56581 62299 65775 69446 72689 75248 77465 79630 81303 82827 84204 85923
47746 56787 62013 66663 70126 73096 75533 77854 79684 81491 83026 84789 85923
46936 56063 61663 66206 69013 72069 74714 77055 78710 80406 82410 84206 85923
47987 56201 61959 66177 69804 73307 75706 77538 79708 81404 83044 84778 85923
47682 56580 62386 66800 69998 73022 75582 77868 79714 81084 82564 84373 85923
46936 56377 62116 66308 69957 72894 75536 78036 80032 81794 83230 84778 85923
46936 56063 61663 65965 69711 72650 75385 77835 80079 81660 82973 84388 85923
47779 56167 61416 65739 69331 72191 74756 77228 78813 80851 82546 84388 85923
47809 56201 62103 66377 70364 73307 75407 77752 79476 81495 83023 84484 85923
47897 56461 61789 65623 69274 72266 74870 77019 79298 81180 82497 84204 85923
47746 56787 62266 66823 70135 72887 75325 77580 79883 81323 83127 84780 85923
47499 56726 62141 66576 70204 72599 75174 77485 79238 81068 82774 84206 85923
47512 55627 61729 66346 69998 73022 75582 77258 79496 81436 83127 84450 85923
47512 56595 62193 66365 69927 72949 75158 77507 79989 81781 83314 84789 85923
47987 56540 61046 65840 68918 71929 74730 77063 79059 80867 82827 84640 85923
47682 56167 61996 66413 69995 72779 74842 77155 79266 81180 82986 84204 85923
47784 56449 62183 67029 70429 73376 75461 77598 79845 81320 82798 84373 85923
47847 56438 61929 66023 69019 72105 74953 77361 79301 81325 83250 84789 85923
46936 56051 61975 66051 69753 72730 74960 77056 78669 80642 82588 84204 85923
47840 56407 61046 65498 69138 72173 74509 77082 79184 81296 83231 84640 85923
47779 56041 61786 66161 69018 72076 74934 77320 79723 81360 83246 84484 85923
47779 56167 61884 66193 69862 72835 75251 77568 79836 81715 83044 84265 85923
47784 56183 61777 66288 70021 72727 75533 77361 79350 80810 82728 84388 85923
46936 56041 61786 66105 69644 72819 75471 78044 79696 81323 83128 84373 85923
47499 56726 62597 66887 70133 72927 75604 77592 79456 81402 83290 84789 85923
47779 56613 62319 66716 69708 72510 74971 77417 79478 81391 83265 84778 85923
47682 56167 61416 65632 69127 72262 74727 77147 79269 81365 83026 84265 85923
47746 55744 59972 64918 68346 71469 74223 76653 78991 80651 82588 84484 85923
47512 56716 62118 65649 69191 72224 74501 77114 78970 80956 82840 84388 85923
47897 56461 61834 65991 69090 72597 75407 77538 79150 81003 82927 84373 85923
47987 56209 61857 66055 69257 72564 75251 77568 79788 81193 82964 84204 85923
46936 55963 62025 66375 69704 72743 75499 77655 79926 81696 83453 84640 85923
47847 56139 61856 66281 69365 72356 74469 76855 79027 81111 82789 84204 85923
47512 56407 61932 66339 70310 73096 75656 77791 80024 81436 83227 84780 85923
46936 56228 61654 66055 69805 72976 75179 77452 79733 81320 82989 84608 85923
47682 56720 62661 67029 70429 72872 75381 77696 79322 81061 82835 84265 85923
47779 56041 61970 66433 70058 72435 74528 76865 78660 80825 82514 84373 85923
47840 56405 61752 65531 69382 72126 75145 77684 79682 81576 83336 84778 85923
47784 56563 62253 65756 69285 72276 74896 77382 79033 81495 83088 84484 85923
47746 56070 61811 66025 69402 71797 74449 77019 79120 81480 82807 84265 85923
47897 56461 61975 66502 69869 72904 75231 77462 79200 81218 83000 84789 85923
47847 56412 62441 66778 70450 73492 75842 77957 79514 81626 83178 84572 85923
47809 56242 61959 65949 68570 72203 74865 77377 79651 81446 83325 84780 85923
47499 56506 62319 66669 70320 73045 75378 77888 79913 81323 83127 84780 85923
47682 56255 61819 66403 69285 72518 74602 76627 78865 80778 82728 84388 85923
47499 56716 62284 66526 69994 72713 75016 77491 79120 81309 82989 84608 85923
47847 56139 61827 65224 69063 72178 74806 77326 79664 81322 82973 84608 85923
47512 56595 62212 66172 69842 72792 75448 77700 79186 81334 83082 84484 85923
47746 55744 61751 66110 69648 72402 74869 76578 78925 80874 82382 84206 85923
47746 56417 61729 66245 69853 73022 75582 77258 79350 81193 83127 84450 85923
47784 56700 62486 66873 70299 73203 75905 78090 79940 81926 83246 84484 85923
48022 56751 62233 66194 69801 72746 75334 77527 79766 81841 83154 84388 85923
47682 56413 62211 66842 70279 72798 75285 77817 79914 81781 83152 84572 85923
47746 56255 62044 66547 69952 72815 74983 77786 79772 81505 83255 84778 85923
47987 54663 60769 65547 68646 71916 74744 77173 79294 81204 82564 84204 85923
47682 56498 62154 65535 69682 72554 75121 77177 79288 80956 82723 84265 85923
47746 56438 62066 66374 69591 72487 74482 77072 79383 81499 83000 84388 85923
47809 56412 61945 66155 69910 72802 75024 77375 79576 81325 83250 84789 85923
47746 56751 61829 65045 68614 71927 75096 76949 78988 80931 82748 84572 85923
47840 56063 61813 66520 69995 72792 75482 77830 79753 81365 83238 84789 85923
47809 56506 62258 66380 69795 72010 74644 76901 78800 80822 82807 84572 85923
47779 56129 61088 65739 69663 72530 75230 77548 79608 81154 82835 84265 85923
47784 56449 62016 66632 69826 72785 75187 77531 79088 80856 82410 84206 85923
47746 55744 61347 65220 68891 72191 74756 77138 79370 81338 82986 84778 85923
46936 56183 62127 66674 70130 73237 75301 77326 79147 81316 82840 84388 85923
47809 56373 61479 66071 69379 72543 75042 77040 79120 81180 83336 84778 85923
46936 56377 62141 66687 69949 72914 75504 77586 79882 81804 83453 84640 85923
48022 56684 62457 66805 70036 73413 75995 78176 80016 81710 83161 84373 85923
47784 56563 61053 65537 69446 72482 74797 77122 78920 80991 82989 84373 85923
47499 56602 62344 66430 69510 72636 74980 77131 79398 81511 82796 84450 85923
47897 56496 62196 66544 69969 72904 74844 76865 78660 80651 82675 84484 85923
46936 56051 62082 66500 69716 72711 75569 77791 79371 81165 82693 84265 85923
48022 56574 62147 66122 69640 72516 75206 77189 79399 81480 83238 84778 85923
47784 56242 62030 65456 69373 72860 75352 77930 79972 81802 83152 84572 85923
47840 56063 61806 66045 69500 72594 74733 77200 79487 81218 83161 84373 85923
47784 56308 62006 66314 69673 72652 75182 77691 79617 81664 83002 84789 85923
47784 56684 62147 66262 69810 72236 74829 77351 79326 81388 82728 84388 85923
47897 56091 61815 66134 69118 71999 74871 77294 79590 81399 83161 84789 85923
48022 56333 61996 66420 69995 72930 75319 77155 78761 81208 83023 84484 85923
47746 55744 61751 66071 69379 72550 75170 77643 79153 81144 82827 84204 85923
47512 55627 62013 66332 69795 72421 75057 77541 79781 81616 82925 84572 85923
47512 54663 59972 64803 68826 71989 74702 77255 79383 81208 82964 84204 85923
47847 56412 61994 66064 69384 72364 75304 77374 79115 81192 83152 84572 85923
47512 55627 61440 65776 68380 71747 74530 76904 78714 80674 82639 84204 85923
47784 56055 62147 66122 69677 72638 75492 78052 80087 81814 83453 84640 85923
47499 56673 62063 66380 70184 73116 75747 77411 79371 81165 82845 84265 85923
46936 56265 62215 66432 70086 72884 75543 77872 80047 81822 83127 84450 85923
47682 56422 62172 66258 69753 72709 74902 77176 79429 81365 83238 84778 85923
47499 56602 62373 66823 70457 73369 75984 78184 80096 81502 83178 84572 85923
47682 56232 62499 67003 70313 72979 75364 77594 79509 80956 82723 84265 85923
47897 56139 61838 66250 69379 72362 74826 77348 79790 81510 82977 84778 85923
47746 56438 62264 66321 69873 72421 75115 77249 79288 80651 82588 84484 85923
47746 56373 61479 65860 69669 72976 75653 78035 79946 81334 83082 84640 85923
47987 54663 60958 65557 69141 72292 75136 78004 79920 81570 83088 84608 85923
46936 56422 62311 66436 69953 73052 75262 77434 79647 81529 83265 84778 85923
47847 56438 61929 66023 69577 72462 75050 77545 79101 81025 82382 84206 85923
48022 56574 62364 66632 70041 72990 75373 77529 79601 81025 82382 84206 85923
48022 56333 61992 66335 69907 72806 75038 76870 79158 81068 83046 84608 85923
47897 56255 61815 66000 69794 72597 75545 77541 79410 81229 82550 84388 85923
47987 54663 61131 65492 69128 72237 74491 77050 79157 81048 82827 84204 85923
48022 56574 62034 66464 70061 72883 75080 77497 79587 81599 83230 84778 85923
47512 54663 61131 65492 69316 71945 75111 77482 79567 81420 83000 84640 85923
47499 56295 62285 66876 70308 73117 75326 77553 79735 81574 83336 84778 85923
47779 56041 61768 66313 69875 72948 75093 77446 79683 81411 82723 84265 85923
47682 56327 62422 66579 70186 73255 75746 77893 79911 81278 82798 84484 85923
47746 56438 61838 65799 69917 72747 75238 77772 79325 81027 82925 84388 85923
47840 56540 62299 66534 69826 72296 74788 76723 78875 80834 82789 84608 85923
47809 56242 62030 66672 70012 72702 75310 77155 79288 81402 83290 84484 85923
47987 56592 62095 65495 69085 72323 75193 77649 79594 81258 83231 84640 85923
46936 56183 62268 66490 70176 73290 75571 77670 79764 81141 82802 84640 85923
47499 56602 61739 66121 69706 72824 75525 77683 79642 81465 83000 84789 85923
47682 56378 62311 66876 70608 73319 75870 78062 80144 82020 83325 84572 85923
47809 56585 62060 66351 69998 72679 75334 77106 79178 81068 82789 84204 85923
47847 56438 61929 66516 70045 73257 75713 77784 79729 81504 83437 84640 85923
47512 56150 60769 65334 68460 71535 74270 76774 78980 80842 82390 84204 85923
46936 56051 61918 66065 69249 72450 74901 77242 79508 81511 83250 84789 85923
47746 56787 62399 66814 70262 73031 75563 78024 79673 81686 83371 84572 85923
47512 56716 62391 66352 69859 72744 75601 78059 79544 81502 83082 84484 85923
46936 56228 61707 65761 69427 72667 75079 77018 78622 80579 82382 84204 85923
47897 56413 62172 66258 69873 73025 75304 77594 79509 81259 82615 84388 85923
47682 56413 62071 66475 69685 72780 75541 77268 79381 81041 82796 84450 85923
47847 56412 62441 66466 70093 73260 75794 78016 80235 81883 83453 84640 85923
47897 56171 62236 66340 69957 72898 75308 77802 79850 81446 83129 84373 85923
47840 56312 61751 66321 70152 73309 75656 78176 80178 81781 83371 84572 85923
47840 56312 61864 66466 70107 72882 75198 77307 79268 80690 82410 84265 85923
46936 56228 62123 66604 69618 72762 75335 77519 79702 81480 83238 84778 85923
47897 56602 62344 66383 69911 72675 75475 77909 79887 81684 83154 84388 85923
47746 56751 62060 65999 69164 72163 74766 77611 79724 81402 82675 84484 85923
47682 56413 62071 66030 69685 72229 75098 76874 79050 81079 82808 84388 85923
47847 56148 61942 66190 69616 72567 75308 77649 79355 81021 83020 84780 85923
47897 56255 61347 65686 69512 72469 75142 77383 79615 81713 83000 84640 85923
48022 56684 62329 66523 70143 72968 75370 77777 79770 81664 83002 84204 85923
47512 56298 62025 66213 69632 72829 75187 77512 79764 81810 83082 84484 85923
46936 56230 61676 65596 69118 72293 75145 77585 79557 81388 83153 84778 85923
47746 56787 62013 66328 70031 73126 75719 77884 79438 81032 82748 84206 85923
48022 56595 61992 66366 70059 73036 75317 77649 79508 80882 82796 84450 85923
47779 56345 62029 66403 69840 72593 75214 77542 79785 81224 82986 84204 85923
47897 56139 62243 66688 69854 72616 75338 77541 79781 81703 83250 84450 85923
47682 56413 61856 66310 69847 72942 75175 77319 79419 81475 83230 84778 85923
47840 56312 61806 66174 70041 73019 75662 77531 79580 81616 83380 84780 85923
47840 56312 61985 66508 70287 73449 76016 78183 79890 81542 83127 84450 85923
47847 56265 62044 66374 70152 72773 75010 77506 79509 81529 82840 84388 85923
47987 55744 61355 65875 69573 72681 75212 77905 79957 81393 82965 84780 85923
47847 56139 61580 66071 69697 72521 75303 78009 79567 81420 83000 84640 85923
47784 56308 61935 66137 69837 72902 75473 77523 79799 81553 83002 84204 85923
47512 56716 62590 67005 70398 73478 75869 78063 79946 81841 83154 84388 85923
47847 56103 61929 66069 69648 72850 74730 77061 79101 80596 82390 84265 85923
47682 56167 62087 66403 69969 73117 75860 77669 79562 81388 83153 84778 85923
48022 56574 62366 66691 70089 72868 75576 77488 79485 81221 82546 84204 85923
47847 56265 61960 66293 69720 72775 74930 77275 79646 81206 83088 84608 85923
47809 56051 61918 66538 69979 72915 75255 76889 78991 80874 82802 84640 85923
47512 56298 61827 66259 69872 72718 75113 77416 79222 81411 83290 84789 85923
47682 56167 61871 66417 69893 72757 75426 77796 79880 81664 83563 84789 85923
47987 56592 60958 66094 69453 72479 75281 77526 79833 81489 82995 84572 85923
47784 56308 61779 66270 69917 72775 75708 77638 79710 81432 82774 84206 85923
47987 56171 61808 66032 69595 72576 75351 77745 79705 81095 82802 84206 85923
46936 55963 62145 66592 69818 72752 74724 77310 79371 81300 83227 84640 85923
46936 55963 62145 66383 70016 72572 75229 77593 79547 81599 83250 84450 85923
47746 55627 62013 66332 70116 72971 75219 76933 79088 80955 82925 84388 85923
47809 56373 61479 65753 69364 72603 74781 77121 78714 80576 82382 84206 85923
47809 56214 62319 66778 70450 73254 75842 77957 79824 81465 82748 84206 85923
47779 56150 61293 65908 69531 71866 74638 77107 79127 81111 83046 84450 85923
48022 56684 62003 66350 70004 72954 75369 77623 79351 81278 83161 84789 85923
47847 56265 61945 66293 69822 72749 75182 77653 79310 81066 83002 84789 85923
47499 56787 62145 66276 69939 72947 75438 77850 80064 81505 83255 84778 85923
47779 56070 62286 66450 69510 72739 75488 77727 79299 81210 82808 84388 85923
47499 56506 62258 66842 70520 73528 75836 77750 79784 81650 83231 84640 85923
47779 56172 61903 65603 68864 71910 74784 77126 79222 80642 82390 84265 85923
47779 56333 62019 66370 69203 72326 75319 77345 79486 80955 82550 84388 85923
47840 56103 61929 66263 69990 73006 75441 77967 80024 81828 83127 84780 85923
47746 56438 62086 66439 69837 72902 75290 77496 79770 81841 83563 84780 85923
47784 56449 61827 66306 69797 72386 74437 76954 78761 80751 82564 84204 85923
47746 55744 62063 66642 69917 72843 75120 76891 79035 80822 82748 84206 85923
47897 56413 61856 66261 69501 72527 75311 77267 79394 80786 82639 84204 85923
47784 56684 62003 66586 70191 72957 75402 77151 79280 81018 82550 84388 85923
47840 56091 61912 66463 69460 72642 75131 77363 79484 81405 82789 84608 85923
47512 55627 61644 66007 69493 72298 75187 77761 79265 81005 82997 84373 85923
47784 56183 61703 66325 69622 72649 75110 77044 79350 81248 83044 84778 85923
47779 56070 61355 65956 69546 72681 75205 77545 79792 81217 83171 84780 85923
47987 56540 61688 66069 70013 73180 75904 78009 79738 81574 82925 84572 85923
47897 56298 62025 66258 69435 72690 74921 77231 79398 80784 82514 84206 85923
47499 56602 62351 66823 69912 72787 75334 77471 79644 81096 82748 84572 85923
47784 56255 61883 66137 69804 72781 75634 77755 79281 81626 83178 84640 85923
47512 56347 62193 66585 69933 72934 75310 77655 79844 81953 83563 84780 85923
47746 56460 62553 66484 70023 73168 75747 77827 79753 81365 83044 84778 85923
47746 56460 61811 66253 69617 72779 74759 77097 79207 81238 82964 84780 85923
47847 56139 61586 66393 69586 72279 75099 77629 79490 81259 83154 84789 85923
47809 56210 61903 66175 69809 72579 74755 77154 78730 80674 82610 84206 85923
47779 56129 61627 65382 69019 71911 74632 76382 78728 80851 82546 84388 85923
47784 56255 62329 66523 70158 72922 75965 78121 80158 82020 83563 84789 85923
47987 56592 62095 66626 70359 73173 75633 77512 79608 81617 83230 84778 85923
47809 56461 61834 65659 68520 71168 74091 76555 79064 81230 82796 84450 85923
47809 56412 61943 66479 69882 72892 75679 77777 79923 81648 83000 84789 85923
47779 56333 61930 66335 69569 72579 75594 77669 79736 81157 82610 84450 85923
47784 56308 61994 66064 69985 73012 75760 77835 79729 81333 83238 84789 85923
47809 56201 60721 65414 69200 72414 75120 77519 79483 81144 82639 84450 85923
47840 56055 61703 66296 69427 72715 74917 77434 79446 81355 82986 84204 85923
47784 55979 61826 65632 69096 72192 74708 77041 79129 81221 82546 84388 85923
47746 56373 62019 66563 69840 73101 75535 77516 79713 81599 83230 84778 85923
47897 56461 61834 65753 69537 72550 75170 77828 79790 81210 82802 84640 85923
47499 56295 61954 66209 69968 72795 75125 77199 79470 81558 82973 84388 85923
48022 56585 62060 66351 69541 72496 75228 77693 79696 81521 83161 84373 85923
47682 56255 61826 66032 69622 72710 75509 77459 79695 81558 83314 84789 85923
47746 56373 62019 66495 70055 72921 75258 77403 79609 81242 82586 84265 85923
47499 56720 62446 66842 70386 72843 75491 77467 79596 81309 82997 84640 85923
47499 56726 62285 66498 69938 73160 75402 77229 79158 80840 82808 84388 85923
47987 56540 61985 66168 70010 72396 74724 76860 79270 80897 82693 84450 85923
47499 56716 61318 65862 69043 72360 75270 77572 79712 81626 83325 84572 85923
47499 56716 62284 66632 70416 73584 75889 77977 80044 81633 83371 84572 85923
47499 56726 62659 66921 70295 73274 75385 77468 79600 81333 83000 84206 85923
47499 56673 62674 66184 69986 73141 75732 77879 79674 81499 83000 84640 85923
47746 56070 62060 66323 69546 71826 74498 76988 79070 81151 83128 84373 85923
47682 56580 62317 66691 70212 73112 75626 77970 79889 81932 83380 84608 85923
47840 56103 61654 66286 69815 72931 75034 77570 79854 81478 82973 84388 85923
47682 56378 62259 66348 69800 72698 75152 77650 79282 81616 82925 84572 85923
48022 56585 62060 66363 69881 73159 75780 77616 79512 81151 82514 84206 85923
47746 56787 62553 66594 70000 72894 75235 77083 79309 81088 82410 84206 85923
47987 56345 60769 65382 68505 71631 74334 76709 78405 80549 82514 84206 85923
48022 56445 61956 66633 70265 72826 75605 77797 79758 81480 83314 84608 85923
47499 56784 62441 66856 70475 73533 75933 78036 79946 81794 83230 84778 85923
47499 56700 62319 66716 70361 72809 75497 77669 79562 81505 83153 84388 85923
47784 56460 61929 66025 69375 72809 75627 77472 79080 81027 82615 84388 85923
47746 56417 61729 66185 68864 71986 74604 76727 79325 81238 82845 84265 85923
47987 56640 62087 65547 69296 72309 74958 77382 80017 81802 83152 84608 85923
47682 56417 62140 66382 69837 73248 75551 77528 79560 81480 83044 84265 85923
48022 56574 61968 66366 70059 73043 75515 77401 79479 81802 83152 84608 85923
47897 56413 61856 66071 69443 72527 75366 77658 79342 81303 82827 84640 85923
47779 56167 61819 66078 69720 72593 75651 77737 79350 81248 82586 84265 85923
47897 56298 62196 66145 69779 71945 75111 77482 79578 81235 82840 84484 85923
47897 56298 62196 66486 69534 72556 74518 77106 78888 80841 82639 84450 85923
47682 56720 62623 66813 70190 72931 75659 77838 79887 81804 83453 84640 85923
47847 56412 61994 66372 69525 72364 75304 77210 79541 81255 83152 84608 85923
47847 56412 61864 66466 69791 72684 74999 77157 79399 81324 82977 84206 85923
47512 56174 62186 66493 69887 72868 75409 77780 80062 81782 83068 84640 85923
47499 56295 62027 66194 70005 72976 75667 77674 79490 81061 82973 84388 85923
47682 56720 62499 66701 70283 73077 75694 77829 79983 81407 83246 84484 85923
47779 56167 61416 65772 69405 72229 75098 77494 79575 81388 83129 84373 85923
47779 56070 61811 66126 70120 72814 75235 77083 79423 81404 82723 84265 85923
47499 56602 62446 66613 70106 73058 75656 78058 80050 81799 83453 84778 85923
46936 56174 61967 66538 69801 72668 75302 77510 79806 81684 83154 84388 85923
47512 56347 62193 67005 70340 73041 75862 77967 79871 81782 83068 84450 85923
47682 56255 62127 66720 70175 73174 75724 77817 79469 81481 83129 84373 85923
46936 56183 61823 66293 69720 72190 74649 77012 79285 81088 83044 84778 85923
48022 56585 62272 66887 70175 73282 75685 77959 79950 81814 83453 84778 85923
47784 56460 61738 66087 69335 72346 74223 76811 79414 81210 82802 84640 85923
47840 56312 61806 66174 69840 72743 75579 77693 79928 81309 82796 84450 85923
47987 56581 62299 66351 69611 72937 75515 78049 80091 81489 82995 84572 85923
47809 56214 61943 65921 69614 71871 74434 77369 79433 81238 83178 84640 85923
47499 55963 61985 66432 70086 73108 75709 77895 79928 81492 82835 84608 85923
47809 56373 62108 66071 68578 71734 74601 77411 79371 81300 83020 84780 85923
46936 56051 61806 66155 69608 72206 74649 77157 79285 81365 83238 84778 85923
48022 56581 62104 66793 69676 72660 74943 76970 79082 80931 82927 84572 85923
47840 56540 61046 65537 69077 72155 74695 77055 79356 81025 82382 84204 85923
47840 56129 61629 66033 69538 72513 75182 77653 79923 81448 83380 84608 85923
47499 56673 62258 66664 70377 73185 75851 78292 80234 81926 83560 84778 85923
47847 56232 61757 65651 69313 72117 74097 76628 78714 80809 82588 84484 85923
47784 56183 62028 66106 69901 72751 75544 77276 79312 81456 82997 84373 85923
47897 56413 62211 66621 70166 73023 75365 77746 79451 81232 82986 84778 85923
47847 56784 62441 66466 69903 73095 75915 78275 79972 81626 83325 84572 85923
48022 56751 61835 66194 69588 72251 74832 77320 79351 81278 83002 84204 85923
47746 56230 61490 66194 69686 72837 75448 77700 79770 81782 83437 84640 85923
47682 56327 61883 66265 70165 73132 75832 78183 80067 81617 83265 84778 85923
47784 56684 62272 66430 69398 72483 75169 77563 79575 81071 82789 84608 85923
47512 56595 62186 66493 69753 72738 74645 77224 79301 81095 82610 84206 85923
47746 56460 62066 66037 69685 72253 74747 77013 78593 80701 82497 84572 85923
47847 56438 62086 66564 70219 73150 75529 77821 79770 81144 83068 84640 85923
47987 54663 61046 65498 69075 72373 74713 77237 79393 81303 82827 84204 85923
47784 56308 61935 66137 69804 73072 75515 78251 79864 81381 83152 84608 85923
47847 56438 61838 66250 69402 71562 74798 77053 78951 81106 82995 84572 85923
47499 56673 62559 66793 70106 73064 75424 77413 79522 81617 83046 84608 85923
47809 56461 61975 66502 70029 73213 75685 78071 79911 81521 82798 84484 85923
47512 56498 62269 66520 69952 72923 75429 77653 79310 81405 83314 84789 85923
47512 56595 62330 66503 70030 72259 74839 77338 79153 81489 83178 84640 85923
47682 56417 62393 66746 70192 73178 75824 78104 80004 81841 83171 84780 85923
47847 56148 61779 66647 70274 73034 75559 77453 79367 81432 83380 84780 85923
47987 56640 62071 66362 70291 72707 74972 77305 79169 81003 82586 84265 85923
47746 56070 61676 65596 68944 72031 74982 77158 79274 81325 83000 84789 85923
46936 56051 61945 66295 69085 72235 74779 77340 79174 80874 82802 84206 85923
47746 56230 61676 66324 70054 73122 75655 77855 79940 81812 83161 84373 85923
47847 56784 62499 67003 70628 73348 75791 78106 80132 81810 83290 84789 85923
47987 56209 62311 66468 69988 72928 75483 77514 79184 81296 83231 84608 85923
47682 56580 62386 66777 70212 73239 76014 78057 79593 81552 83246 84780 85923
48022 56580 62329 66387 70036 72725 75326 76953 79053 80997 82827 84640 85923
47779 56041 61768 66150 69714 72611 75398 77267 79110 81243 83127 84450 85923
47840 56312 62245 66632 70045 72718 74630 76909 79438 81542 83127 84450 85923
47784 56172 61043 65719 69152 72459 75190 77310 79487 81595 82989 84373 85923
47779 56333 62354 66786 70331 73177 75734 77421 79082 81208 82927 84373 85923
47987 56640 62674 67090 69986 72575 75111 77467 79381 81334 83068 84450 85923
46936 56228 62172 66613 70149 72887 75541 77494 79576 81465 83129 84778 85923
47784 56055 61999 66179 69599 72942 75752 77675 79766 81802 83152 84608 85923
46936 56063 61703 66233 69546 72352 75159 77658 79295 81399 83154 84789 85923
46936 56228 62123 66304 69351 72202 74921 77212 79502 81449 83238 84778 85923
47746 56438 62526 66623 69919 72842 75597 77740 79280 81210 83178 84572 85923
47779 56167 62087 66286 69804 72276 74896 77201 78869 80551 82497 84204 85923
47847 56103 61929 66286 69799 72637 74851 77335 79268 81088 82410 84206 85923
47682 56378 61871 66042 69744 72226 74871 76727 78869 80551 82390 84204 85923
47897 56228 61975 66150 69710 72447 74328 76989 79059 81144 82827 84640 85923
47746 56417 61834 66346 69980 73424 75376 77447 79578 81420 82925 84388 85923
47512 56214 62212 66905 70113 73296 75822 78106 79891 81586 82857 84450 85923
47499 56613 61985 66139 69795 73032 75647 78044 79696 81323 82796 84450 85923
47512 56150 61994 65948 70104 73015 75265 77472 79080 80810 82586 84373 85923
48022 56574 62147 66554 69887 72615 75390 77199 79253 81224 82546 84388 85923
47897 56298 61453 65763 69632 71763 74603 76909 78742 80809 82546 84204 85923
47512 56595 61992 66444 69911 72923 75316 77711 79418 81358 82639 84204 85923
47512 56407 62259 66625 70058 72891 75690 77875 80062 81782 83250 84789 85923
47847 56308 61960 66597 70173 72868 75035 77306 79155 81258 82802 84640 85923
47512 56407 61644 65808 69354 72604 75222 77711 79791 81664 83563 84780 85923
47499 56295 62311 66876 70438 73449 76004 77930 79851 81456 83128 84373 85923
47809 56373 61992 66255 69510 72354 74336 76995 79371 81216 83128 84780 85923
47987 56201 61959 66664 69950 73172 75563 78124 79851 81648 82989 84608 85923
48022 56580 62092 66547 69911 72659 75316 77650 79770 81664 82964 84780 85923
47847 56592 61814 66148 69804 72781 74840 77186 79032 80674 82639 84204 85923
47746 56230 61982 66134 69437 72685 75084 77530 79612 81077 82615 84265 85923
47746 56438 62108 66286 69675 72804 75211 76949 79157 81300 83020 84265 85923
47840 56405 61752 66023 69960 73031 75383 77514 79736 81828 83127 84780 85923
47847 56412 62200 66464 69941 72812 75558 77895 79594 81068 82588 84484 85923
47682 56378 62350 66472 69712 72777 74862 77204 79027 80715 82693 84450 85923
47512 55627 62013 66528 69919 73074 75791 77482 79609 81334 82857 84484 85923
47779 56172 62029 66288 69969 73117 75625 78044 79943 81793 83129 84373 85923
47987 56563 61053 65557 69141 71929 75075 77193 79098 81206 82835 84608 85923
46936 56174 61849 66258 69356 71665 73934 76583 78694 80756 82675 84206 85923
46936 56174 60806 65634 68722 71688 74471 76833 79260 81049 82965 84780 85923
47512 56174 61849 66463 69894 72621 75378 77777 79535 81402 83000 84206 85923
47499 55963 62105 66340 70149 73011 75509 77957 79636 81284 82808 84450 85923
47499 56506 62333 66313 69695 72644 75295 77674 79605 81689 83026 84789 85923
47809 56506 62258 66538 69361 72010 74435 77079 79169 81106 82693 84265 85923
47897 55979 61043 65632 69708 72809 75248 77361 79350 81388 83129 84373 85923
48022 56496 62196 66590 69927 72478 74885 77251 79418 81358 82639 84450 85923
47779 56041 61985 66420 70075 73181 75304 77177 78970 80956 82723 84265 85923
47779 56041 61768 65788 69157 72246 75041 77270 79575 81405 82789 84204 85923
47897 56228 61839 66326 69384 72473 75016 76898 78904 80596 82546 84388 85923
47987 54663 60958 65224 68833 72039 75262 77735 79838 81570 83231 84608 85923
47499 56700 62154 66420 70075 73038 75207 77608 79273 81320 82989 84608 85923
47682 56378 61871 66552 70265 72871 75622 77969 79835 81511 82796 84450 85923
47897 56602 62351 66842 70186 73180 75401 77669 79733 81320 82798 84484 85923
47682 56167 61884 65948 69599 72641 74875 76651 78650 80601 82390 84265 85923
47847 56592 62645 66094 69546 72760 75582 77868 79685 81626 83325 84572 85923
47847 56445 62034 66569 70322 73247 75708 77638 79486 80955 82748 84206 85923
47746 56438 61792 66232 69732 72714 74807 77375 79348 81411 83290 84789 85923
48022 56595 61992 65481 69193 72266 75040 77645 79401 81231 82989 84608 85923
47499 56506 62422 66579 70207 73019 75569 77926 79631 81300 83227 84780 85923
47746 56417 62086 66429 69614 72665 75215 77676 79722 81135 82497 84204 85923
47809 56214 62212 66643 69970 73036 75529 77642 80128 81542 83325 84780 85923
47809 56327 62103 66460 69200 71871 74606 77072 78961 80642 82390 84265 85923
47784 56242 61992 66623 70444 73421 75777 77976 80235 81883 83178 84572 85923
47840 56574 62330 66800 69628 73017 75270 77434 79546 81297 83000 84640 85923
47779 56333 61996 66413 70031 72800 75589 77984 79548 81440 83246 84484 85923
47779 56129 61627 65883 69537 72381 75465 77957 79581 81616 82925 84388 85923
47682 56255 62499 66757 70355 73277 75961 77824 80021 81714 83088 84484 85923
47897 56413 62172 66382 69692 72765 74995 77336 79294 81338 82639 84450 85923
47987 56673 62236 65753 69453 72479 74916 76957 78833 80982 82857 84450 85923
47897 56461 61922 66150 69707 72302 74327 76378 78552 80406 82410 84206 85923
48022 56574 62245 66572 69881 72633 74912 77124 78617 80576 82382 84206 85923
47512 56498 61994 66352 69800 72698 74871 77201 79355 80842 82789 84204 85923
47809 56327 62101 66495 69775 72733 75165 76849 79405 81106 82807 84265 85923
47897 56413 61416 65929 69381 72171 74861 77223 79283 81391 82835 84265 85923
47499 56506 62266 66321 69980 72906 75038 77414 79285 81333 83238 84778 85923
46936 56209 62095 66355 69595 72193 74300 76685 79027 81111 82639 84450 85923
47512 55627 61490 66194 69879 72789 75391 77030 79136 81095 82610 84206 85923
47499 56726 62141 66687 70176 73033 75116 77580 79810 81529 82840 84484 85923
47784 56255 62253 66403 69969 72662 75533 77949 79562 81028 82798 84484 85923
47987 54663 59972 64918 68346 71092 73830 76317 78426 80551 82807 84572 85923
47784 55979 62003 66372 70191 72957 75509 77740 79280 81210 83178 84572 85923
47746 56255 61738 66372 69952 72650 75702 77802 79850 81446 83255 84778 85923
47809 56312 62019 66286 69476 72718 75642 78139 79685 81436 83127 84780 85923
47809 56214 61871 66241 69726 72594 74695 77055 79355 81492 82835 84265 85923
47840 56407 62016 66668 70416 73584 76086 78110 79750 81478 83231 84640 85923
47897 55979 61827 65216 69091 72636 74992 77339 79567 81411 82989 84608 85923
47840 56063 62021 66296 69784 72924 75035 77306 79155 80856 82845 84265 85923
48022 56333 61992 66532 69443 72873 74899 77281 79224 81322 83088 84484 85923
47779 56345 62358 66763 70004 72534 74657 76980 79288 81206 82723 84265 85923
46936 56265 61945 66217 69562 72359 75206 77696 79882 81480 83238 84789 85923
47779 56148 61826 66161 69736 72188 74857 76679 79098 80756 82723 84484 85923
47784 55979 61395 65900 69753 72368 75173 77374 79276 81171 83129 84778 85923
47809 56373 62108 66370 70299 73203 75659 78101 80267 81746 83371 84572 85923
47897 56461 62278 66548 69979 72496 75067 77361 79301 81103 83002 84204 85923
47897 56228 61881 66233 69249 72496 74754 76542 78888 80841 82857 84484 85923
46936 56209 62105 66653 70359 73066 75724 77707 79806 81617 83230 84778 85923
47746 56787 62145 66591 69882 72670 75159 76949 79142 80616 82550 84388 85923
47746 56787 62145 66592 69939 72492 75265 77429 79635 81599 83238 84789 85923
47682 56720 62374 66763 70216 72798 75271 77661 79713 81465 83129 84778 85923
47897 56602 61739 65981 69367 72496 75304 77766 79838 81595 82989 84608 85923
47840 56295 62057 66139 69699 72252 75021 77488 79410 81481 83250 84450 85923
48022 56580 62317 66691 70148 72917 75625 77434 79446 81355 83265 84778 85923
47897 56091 61395 65866 69711 72916 75179 77340 79418 81223 83153 84778 85923
47746 56460 62420 66372 69740 73125 75597 77920 79724 81402 83000 84789 85923
48022 56580 62329 67017 70656 73432 75907 78037 80113 81499 83000 84640 85923
47682 56640 62071 65865 69418 72471 75225 77385 79812 81689 83336 84778 85923
47847 56265 61945 66432 70036 72981 75473 77934 79753 81804 83437 84640 85923
47897 56091 61088 65272 68938 71857 74768 77051 79282 80701 82546 84204 85923
47897 56496 62221 66002 68662 71341 74565 76970 79064 81032 82748 84572 85923
48022 56580 62386 65850 69417 72972 75511 77932 79934 81565 83128 84373 85923
46936 56228 61975 66258 69889 72713 74770 76840 78880 81072 82835 84608 85923
46936 56230 61510 65860 69531 72391 75128 77305 79577 81171 82977 84206 85923
47746 55744 61510 65860 69531 71750 74328 76904 79261 81193 83127 84450 85923
47499 56602 62446 66906 70009 72896 75622 77817 79914 81781 83152 84608 85923
47897 55429 61043 65543 69088 72648 75028 77374 79670 81480 83336 84572 85923
47746 56255 62044 66412 69560 72639 75038 77574 79298 80751 82927 84572 85923
47847 56412 61997 66281 69963 72949 76024 78013 79880 81355 83088 84608 85923
47499 56716 61318 65846 69437 72144 74943 77345 79351 81472 83152 84572 85923
47987 56171 62071 66362 69178 72105 74762 77463 79296 81238 83178 84572 85923
47809 56461 62373 66414 70001 72936 75336 77854 79738 81380 83026 84789 85923
47779 56150 61786 66105 69354 71999 74875 77242 79508 81511 83161 84789 85923
47682 56327 61883 66355 69861 72873 75832 78171 80128 81542 83325 84572 85923
47847 56265 61978 66228 69597 72397 74509 76870 79184 80842 82390 84204 85923
48022 56445 62092 66525 69861 73370 75782 77743 79806 81535 83255 84484 85923
47682 56167 61990 66324 69636 72662 75533 77737 79774 81248 82586 84373 85923
47987 56673 61318 66094 69219 72259 75137 77619 79670 81542 82995 84450 85923
47682 56720 62311 66579 70256 73411 76015 78267 80111 81883 83453 84778 85923
47512 55627 62013 66156 69627 72752 75427 77553 79827 81923 83563 84780 85923
47809 56506 62373 66681 70045 73191 75628 77657 79521 81413 83026 84265 85923
46936 56063 61663 66050 69500 72678 75259 77627 79894 81897 83560 84780 85923
47809 56242 62266 66757 70374 73175 75662 77384 79530 81446 83020 84780 85923
47746 56255 62044 66349 69949 72663 75258 77403 79609 81511 82845 84640 85923
47512 56716 62013 66307 69956 73222 75734 77885 79541 81465 82748 84206 85923
47746 56438 62066 66873 70472 73125 75503 77605 79615 81223 82550 84206 85923
47779 56613 62354 66706 70313 73316 75633 77949 79923 81402 83000 84789 85923
47897 56461 61975 66258 69356 72318 75204 77311 79348 80756 82410 84265 85923
47682 56255 61935 66020 69443 72805 75253 77674 79389 81061 82615 84265 85923
47847 56232 62232 66227 69751 72521 74756 76520 78760 80715 82693 84265 85923
47784 56255 62499 67029 70259 72896 74992 77354 79217 81149 82807 84572 85923
47512 56595 61131 65587 69417 72603 75248 77465 79972 81650 83152 84608 85923
47840 56129 61627 66167 69793 72716 75338 77501 79957 81409 83336 84572 85923
