Genome LTR TIR Helitron
B73_AB10 518583307	10404888	36091954	
B73Ab10 518220791	24508539	35762982	
B73 503704806	12428085	35444390	
B97 509808489	10225067	36104529	
CML103 506756229	9812523	34734178	
CML228 532655846	16229957	36327123	
CML247 521338050	10537534	35937557	
CML277 507575626	9632549	35459207	
CML322 522393874	12096094	35565890	
CML333 523370574	12317150	36590243	
CML52 534154015	12402490	36558391	
CML69 522012339	12214936	34993807	
HP301 497493765	10710015	35748031	
Il14H 490280489	10964400	35967325	
Ki11 521461609	11155396	35529356	
Ki3 518669631	12170528	35230606	
Ky21 505244483	11330969	35251901	
M162W 508335136	9509624	35112934	
M37W 510277858	9533840	35890772	
Mo18W 512853047	9767962	36020649	
Ms71 512290423	9670286	36029006	
NC350 530695039	10203112	35609024	
NC358 520643582	9581966	35598010	
Oh43 503256112	9768580	35538293	
Oh7b 502885120	10061602	35168152	
P39 489865773	10799419	35850774	
Tx303 509283051	12240681	36712079	
Tzi8 525304230	12122590	36031824	
